
Circuit: Titulo: AP04_tB, João Gross - Simulação AP02

Circuit: Titulo: AP04_tB, João Gross - Simulação AP02
Date: Mon Aug 30 20:00:09  2010


                  Titulo: AP04_tB, João Gross - Simulação AP02
                  Transient Analysis  Mon Aug 30 20:00:09  2010
--------------------------------------------------------------------------------
Index   time            v(1)            v(2)            v(3)            
--------------------------------------------------------------------------------
0	0.000000e+00	1.400000e+01	1.177506e+01	1.102200e+01	
1	8.000000e-14	1.400000e+01	1.177506e+01	1.102200e+01	
2	1.600000e-13	1.400000e+01	1.177506e+01	1.102200e+01	
3	3.200000e-13	1.400000e+01	1.177506e+01	1.102200e+01	
4	6.400000e-13	1.400000e+01	1.177506e+01	1.102200e+01	
5	1.280000e-12	1.400000e+01	1.177506e+01	1.102200e+01	
6	2.560000e-12	1.400000e+01	1.177506e+01	1.102200e+01	
7	5.120000e-12	1.400000e+01	1.177506e+01	1.102200e+01	
8	1.024000e-11	1.400000e+01	1.177506e+01	1.102200e+01	
9	2.048000e-11	1.400000e+01	1.177506e+01	1.102200e+01	
10	4.096000e-11	1.400000e+01	1.177506e+01	1.102200e+01	
11	8.192000e-11	1.400000e+01	1.177506e+01	1.102200e+01	
12	1.638400e-10	1.400000e+01	1.177506e+01	1.102200e+01	
13	3.276800e-10	1.400000e+01	1.177506e+01	1.102200e+01	
14	6.553600e-10	1.400000e+01	1.177506e+01	1.102200e+01	
15	1.310720e-09	1.400000e+01	1.177506e+01	1.102200e+01	
16	2.621440e-09	1.400000e+01	1.177506e+01	1.102200e+01	
17	5.242880e-09	1.400000e+01	1.177506e+01	1.102200e+01	
18	1.048576e-08	1.400000e+01	1.177506e+01	1.102200e+01	
19	2.097152e-08	1.400000e+01	1.177506e+01	1.102200e+01	
20	4.194304e-08	1.400000e+01	1.177506e+01	1.102200e+01	
21	8.388608e-08	1.400000e+01	1.177506e+01	1.102200e+01	
22	1.677722e-07	1.400000e+01	1.177506e+01	1.102200e+01	
23	3.355443e-07	1.400000e+01	1.177506e+01	1.102200e+01	
24	6.710886e-07	1.400000e+01	1.177506e+01	1.102200e+01	
25	1.342177e-06	1.400000e+01	1.177506e+01	1.102200e+01	
26	2.684355e-06	1.400000e+01	1.177506e+01	1.102200e+01	
27	5.368709e-06	1.400000e+01	1.177506e+01	1.102200e+01	
28	1.073742e-05	1.400000e+01	1.177506e+01	1.102200e+01	
29	2.147484e-05	1.400000e+01	1.177506e+01	1.102200e+01	
30	4.294967e-05	1.400000e+01	1.177506e+01	1.102200e+01	
31	8.294967e-05	1.400000e+01	1.177506e+01	1.102200e+01	
32	1.229497e-04	1.400000e+01	1.177506e+01	1.102200e+01	
33	1.629497e-04	1.400000e+01	1.177506e+01	1.102200e+01	
34	2.029497e-04	1.400000e+01	1.177506e+01	1.102200e+01	
35	2.429497e-04	1.400000e+01	1.177506e+01	1.102200e+01	
36	2.829497e-04	1.400000e+01	1.177506e+01	1.102200e+01	
37	3.229497e-04	1.400000e+01	1.177506e+01	1.102200e+01	
38	3.629497e-04	1.400000e+01	1.177506e+01	1.102200e+01	
39	4.029497e-04	1.400000e+01	1.177506e+01	1.102200e+01	
40	4.429497e-04	1.400000e+01	1.177506e+01	1.102200e+01	
41	4.829497e-04	1.400000e+01	1.177506e+01	1.102200e+01	
42	5.229497e-04	1.400000e+01	1.177506e+01	1.102200e+01	
43	5.629497e-04	1.400000e+01	1.177506e+01	1.102200e+01	
44	6.029497e-04	1.400000e+01	1.177506e+01	1.102200e+01	
45	6.429497e-04	1.400000e+01	1.177506e+01	1.102200e+01	
46	6.829497e-04	1.400000e+01	1.177506e+01	1.102200e+01	
47	7.229497e-04	1.400000e+01	1.177506e+01	1.102200e+01	
48	7.629497e-04	1.400000e+01	1.177506e+01	1.102200e+01	
49	8.029497e-04	1.400000e+01	1.177506e+01	1.102200e+01	
50	8.429497e-04	1.400000e+01	1.177506e+01	1.102200e+01	
51	8.829497e-04	1.400000e+01	1.177506e+01	1.102200e+01	
52	9.229497e-04	1.400000e+01	1.177506e+01	1.102200e+01	
53	9.629497e-04	1.400000e+01	1.177506e+01	1.102200e+01	
54	1.002950e-03	1.400000e+01	1.177506e+01	1.102200e+01	
55	1.042950e-03	1.400000e+01	1.177506e+01	1.102200e+01	
56	1.082950e-03	1.400000e+01	1.177506e+01	1.102200e+01	
57	1.122950e-03	1.400000e+01	1.177506e+01	1.102200e+01	
58	1.162950e-03	1.400000e+01	1.177506e+01	1.102200e+01	
59	1.202950e-03	1.400000e+01	1.177506e+01	1.102200e+01	
60	1.242950e-03	1.400000e+01	1.177506e+01	1.102200e+01	
61	1.282950e-03	1.400000e+01	1.177506e+01	1.102200e+01	
62	1.322950e-03	1.400000e+01	1.177506e+01	1.102200e+01	
63	1.362950e-03	1.400000e+01	1.177506e+01	1.102200e+01	
64	1.402950e-03	1.400000e+01	1.177506e+01	1.102200e+01	
65	1.442950e-03	1.400000e+01	1.177506e+01	1.102200e+01	
66	1.482950e-03	1.400000e+01	1.177506e+01	1.102200e+01	
67	1.522950e-03	1.400000e+01	1.177506e+01	1.102200e+01	
68	1.562950e-03	1.400000e+01	1.177506e+01	1.102200e+01	
69	1.602950e-03	1.400000e+01	1.177506e+01	1.102200e+01	
70	1.642950e-03	1.400000e+01	1.177506e+01	1.102200e+01	
71	1.682950e-03	1.400000e+01	1.177506e+01	1.102200e+01	
72	1.722950e-03	1.400000e+01	1.177506e+01	1.102200e+01	
73	1.762950e-03	1.400000e+01	1.177506e+01	1.102200e+01	
74	1.802950e-03	1.400000e+01	1.177506e+01	1.102200e+01	
75	1.842950e-03	1.400000e+01	1.177506e+01	1.102200e+01	
76	1.882950e-03	1.400000e+01	1.177506e+01	1.102200e+01	
77	1.922950e-03	1.400000e+01	1.177506e+01	1.102200e+01	
78	1.962950e-03	1.400000e+01	1.177506e+01	1.102200e+01	
79	2.000000e-03	1.400000e+01	1.177506e+01	1.102200e+01	

                  Titulo: AP04_tB, João Gross - Simulação AP02
                  Transient Analysis  Mon Aug 30 20:00:09  2010
--------------------------------------------------------------------------------
Index   time            v(4)            
--------------------------------------------------------------------------------
0	0.000000e+00	8.536919e+00	
1	8.000000e-14	8.536919e+00	
2	1.600000e-13	8.536919e+00	
3	3.200000e-13	8.536919e+00	
4	6.400000e-13	8.536919e+00	
5	1.280000e-12	8.536919e+00	
6	2.560000e-12	8.536919e+00	
7	5.120000e-12	8.536919e+00	
8	1.024000e-11	8.536919e+00	
9	2.048000e-11	8.536919e+00	
10	4.096000e-11	8.536919e+00	
11	8.192000e-11	8.536919e+00	
12	1.638400e-10	8.536919e+00	
13	3.276800e-10	8.536919e+00	
14	6.553600e-10	8.536919e+00	
15	1.310720e-09	8.536919e+00	
16	2.621440e-09	8.536919e+00	
17	5.242880e-09	8.536919e+00	
18	1.048576e-08	8.536919e+00	
19	2.097152e-08	8.536919e+00	
20	4.194304e-08	8.536919e+00	
21	8.388608e-08	8.536919e+00	
22	1.677722e-07	8.536919e+00	
23	3.355443e-07	8.536919e+00	
24	6.710886e-07	8.536919e+00	
25	1.342177e-06	8.536919e+00	
26	2.684355e-06	8.536919e+00	
27	5.368709e-06	8.536919e+00	
28	1.073742e-05	8.536919e+00	
29	2.147484e-05	8.536919e+00	
30	4.294967e-05	8.536919e+00	
31	8.294967e-05	8.536919e+00	
32	1.229497e-04	8.536919e+00	
33	1.629497e-04	8.536919e+00	
34	2.029497e-04	8.536919e+00	
35	2.429497e-04	8.536919e+00	
36	2.829497e-04	8.536919e+00	
37	3.229497e-04	8.536919e+00	
38	3.629497e-04	8.536919e+00	
39	4.029497e-04	8.536919e+00	
40	4.429497e-04	8.536919e+00	
41	4.829497e-04	8.536919e+00	
42	5.229497e-04	8.536919e+00	
43	5.629497e-04	8.536919e+00	
44	6.029497e-04	8.536919e+00	
45	6.429497e-04	8.536919e+00	
46	6.829497e-04	8.536919e+00	
47	7.229497e-04	8.536919e+00	
48	7.629497e-04	8.536919e+00	
49	8.029497e-04	8.536919e+00	
50	8.429497e-04	8.536919e+00	
51	8.829497e-04	8.536919e+00	
52	9.229497e-04	8.536919e+00	
53	9.629497e-04	8.536919e+00	
54	1.002950e-03	8.536919e+00	
55	1.042950e-03	8.536919e+00	
56	1.082950e-03	8.536919e+00	
57	1.122950e-03	8.536919e+00	
58	1.162950e-03	8.536919e+00	
59	1.202950e-03	8.536919e+00	
60	1.242950e-03	8.536919e+00	
61	1.282950e-03	8.536919e+00	
62	1.322950e-03	8.536919e+00	
63	1.362950e-03	8.536919e+00	
64	1.402950e-03	8.536919e+00	
65	1.442950e-03	8.536919e+00	
66	1.482950e-03	8.536919e+00	
67	1.522950e-03	8.536919e+00	
68	1.562950e-03	8.536919e+00	
69	1.602950e-03	8.536919e+00	
70	1.642950e-03	8.536919e+00	
71	1.682950e-03	8.536919e+00	
72	1.722950e-03	8.536919e+00	
73	1.762950e-03	8.536919e+00	
74	1.802950e-03	8.536919e+00	
75	1.842950e-03	8.536919e+00	
76	1.882950e-03	8.536919e+00	
77	1.922950e-03	8.536919e+00	
78	1.962950e-03	8.536919e+00	
79	2.000000e-03	8.536919e+00	

elapsed time since last call: 0.000 seconds.

Total elapsed time: 0.000 seconds.

Current dynamic memory usage = 17240064,
Dynamic memory limit = 2147352576.

