
Circuit: Titulo: AP04_tB, João Gross - Exercício 3

Circuit: Titulo: AP04_tB, João Gross - Exercício 3
Date: Mon Aug 30 20:17:11  2010


                   Titulo: AP04_tB, João Gross - Exercício 3
                   Transient Analysis  Mon Aug 30 20:17:11  2010
--------------------------------------------------------------------------------
Index   time            v(1)            v(2)            v(3)            
--------------------------------------------------------------------------------
0	0.000000e+00	0.000000e+00	0.000000e+00	0.000000e+00	
1	1.000000e-14	0.000000e+00	0.000000e+00	0.000000e+00	
2	2.000000e-14	0.000000e+00	0.000000e+00	0.000000e+00	
3	4.000000e-14	0.000000e+00	0.000000e+00	0.000000e+00	
4	8.000000e-14	0.000000e+00	0.000000e+00	0.000000e+00	
5	1.600000e-13	0.000000e+00	0.000000e+00	0.000000e+00	
6	3.200000e-13	0.000000e+00	0.000000e+00	0.000000e+00	
7	6.400000e-13	0.000000e+00	0.000000e+00	0.000000e+00	
8	1.280000e-12	0.000000e+00	0.000000e+00	0.000000e+00	
9	2.560000e-12	0.000000e+00	0.000000e+00	0.000000e+00	
10	5.120000e-12	0.000000e+00	0.000000e+00	0.000000e+00	
11	1.024000e-11	0.000000e+00	0.000000e+00	0.000000e+00	
12	2.048000e-11	0.000000e+00	0.000000e+00	0.000000e+00	
13	4.096000e-11	0.000000e+00	0.000000e+00	0.000000e+00	
14	8.192000e-11	0.000000e+00	0.000000e+00	0.000000e+00	
15	1.638400e-10	0.000000e+00	0.000000e+00	0.000000e+00	
16	3.276800e-10	0.000000e+00	0.000000e+00	0.000000e+00	
17	5.676800e-10	0.000000e+00	0.000000e+00	0.000000e+00	
18	8.076800e-10	0.000000e+00	0.000000e+00	0.000000e+00	
19	1.000000e-09	0.000000e+00	0.000000e+00	0.000000e+00	
20	1.001000e-09	1.200000e+00	1.456311e-02	7.326007e-03	
21	1.003000e-09	3.600000e+00	7.246206e-02	3.654059e-02	
22	1.007000e-09	8.400000e+00	3.567564e-01	1.812847e-01	
23	1.010000e-09	1.200000e+01	7.129655e-01	3.642193e-01	
24	1.010500e-09	1.200000e+01	7.819224e-01	3.998720e-01	
25	1.011501e-09	1.200000e+01	9.189937e-01	4.709588e-01	
26	1.013503e-09	1.200000e+01	1.188142e+00	6.118297e-01	
27	1.017505e-09	1.200000e+01	1.707062e+00	8.884389e-01	
28	1.025511e-09	1.200000e+01	2.671936e+00	1.421743e+00	
29	1.041523e-09	1.200000e+01	4.342487e+00	2.413363e+00	
30	1.073546e-09	1.200000e+01	6.859822e+00	4.130221e+00	
31	1.137592e-09	1.200000e+01	9.762309e+00	6.717336e+00	
32	1.224730e-09	1.200000e+01	1.132260e+01	8.947902e+00	
33	1.334746e-09	1.200000e+01	1.186894e+01	1.048954e+01	
34	1.477788e-09	1.200000e+01	1.199153e+01	1.141160e+01	
35	1.698010e-09	1.200000e+01	1.200127e+01	1.188640e+01	
36	1.938010e-09	1.200000e+01	1.199976e+01	1.198281e+01	
37	2.178010e-09	1.200000e+01	1.200005e+01	1.199740e+01	
38	2.418010e-09	1.200000e+01	1.199999e+01	1.199961e+01	
39	2.658010e-09	1.200000e+01	1.200000e+01	1.199994e+01	
40	2.898010e-09	1.200000e+01	1.200000e+01	1.199999e+01	
41	3.010000e-09	1.200000e+01	1.200000e+01	1.200000e+01	
42	3.011000e-09	1.080000e+01	1.198544e+01	1.199267e+01	
43	3.013000e-09	8.400000e+00	1.192754e+01	1.196346e+01	
44	3.017000e-09	3.600000e+00	1.164324e+01	1.181871e+01	
45	3.020000e-09	8.142532e-14	1.128703e+01	1.163578e+01	
46	3.020800e-09	0.000000e+00	1.117718e+01	1.157888e+01	
47	3.022400e-09	0.000000e+00	1.095962e+01	1.146564e+01	
48	3.025600e-09	0.000000e+00	1.053708e+01	1.124246e+01	
49	3.032000e-09	0.000000e+00	9.739953e+00	1.080902e+01	
50	3.044800e-09	0.000000e+00	8.320005e+00	9.991314e+00	
51	3.070400e-09	0.000000e+00	6.058942e+00	8.534721e+00	
52	3.121600e-09	0.000000e+00	3.159710e+00	6.215307e+00	
53	3.178476e-09	0.000000e+00	1.523553e+00	4.366808e+00	
54	3.229942e-09	0.000000e+00	7.916557e-01	3.174766e+00	
55	3.286617e-09	0.000000e+00	3.827934e-01	2.233392e+00	
56	3.339413e-09	0.000000e+00	1.953143e-01	1.610163e+00	
57	3.395342e-09	0.000000e+00	9.543096e-02	1.138092e+00	
58	3.457772e-09	0.000000e+00	4.252711e-02	7.718768e-01	
59	3.544338e-09	0.000000e+00	1.300091e-02	4.476454e-01	
60	3.653248e-09	0.000000e+00	2.578596e-03	2.232417e-01	
61	3.761853e-09	0.000000e+00	5.148950e-04	1.115651e-01	
62	3.878261e-09	0.000000e+00	8.555331e-05	5.280125e-02	
63	3.994283e-09	0.000000e+00	1.435343e-05	2.505765e-02	
64	4.162205e-09	0.000000e+00	-2.222981e-07	8.005801e-03	
65	4.364923e-09	0.000000e+00	2.427736e-08	1.862066e-03	
66	4.604923e-09	0.000000e+00	-4.652961e-09	2.818119e-04	
67	4.829871e-09	0.000000e+00	7.457707e-10	5.152145e-05	
68	5.000000e-09	0.000000e+00	-1.641729e-11	1.615820e-05	
69	5.001000e-09	1.200000e+00	1.456311e-02	7.342067e-03	
70	5.003000e-09	3.600000e+00	7.246206e-02	3.655645e-02	
71	5.007000e-09	8.400000e+00	3.567564e-01	1.813002e-01	
72	5.010000e-09	1.200000e+01	7.129655e-01	3.642345e-01	
73	5.010504e-09	1.200000e+01	7.823981e-01	4.001338e-01	
74	5.011512e-09	1.200000e+01	9.204092e-01	4.717110e-01	
75	5.013527e-09	1.200000e+01	1.191369e+00	6.135445e-01	
76	5.017558e-09	1.200000e+01	1.713648e+00	8.920085e-01	
77	5.025619e-09	1.200000e+01	2.684282e+00	1.428753e+00	
78	5.041742e-09	1.200000e+01	4.363159e+00	2.426270e+00	
79	5.073987e-09	1.200000e+01	6.888245e+00	4.151647e+00	
80	5.138478e-09	1.200000e+01	9.789034e+00	6.746668e+00	
81	5.225653e-09	1.200000e+01	1.133112e+01	8.965601e+00	
82	5.336107e-09	1.200000e+01	1.187186e+01	1.050284e+01	
83	5.479435e-09	1.200000e+01	1.199185e+01	1.141806e+01	
84	5.701155e-09	1.200000e+01	1.200125e+01	1.188955e+01	
85	5.941155e-09	1.200000e+01	1.199976e+01	1.198328e+01	
86	6.181155e-09	1.200000e+01	1.200005e+01	1.199747e+01	
87	6.421155e-09	1.200000e+01	1.199999e+01	1.199962e+01	
88	6.661155e-09	1.200000e+01	1.200000e+01	1.199994e+01	
89	6.901155e-09	1.200000e+01	1.200000e+01	1.199999e+01	
90	7.010000e-09	1.200000e+01	1.200000e+01	1.200000e+01	
91	7.011000e-09	1.080000e+01	1.198544e+01	1.199267e+01	
92	7.013000e-09	8.400000e+00	1.192754e+01	1.196346e+01	
93	7.017000e-09	3.600000e+00	1.164324e+01	1.181871e+01	
94	7.020000e-09	8.142532e-14	1.128703e+01	1.163578e+01	
95	7.020800e-09	0.000000e+00	1.117718e+01	1.157888e+01	
96	7.022400e-09	0.000000e+00	1.095962e+01	1.146564e+01	
97	7.025600e-09	0.000000e+00	1.053708e+01	1.124246e+01	
98	7.032000e-09	0.000000e+00	9.739953e+00	1.080902e+01	
99	7.044800e-09	0.000000e+00	8.320005e+00	9.991314e+00	
100	7.070400e-09	0.000000e+00	6.058942e+00	8.534721e+00	
101	7.121600e-09	0.000000e+00	3.159710e+00	6.215307e+00	
102	7.178476e-09	0.000000e+00	1.523553e+00	4.366809e+00	
103	7.229942e-09	0.000000e+00	7.916557e-01	3.174766e+00	
104	7.286617e-09	0.000000e+00	3.827934e-01	2.233392e+00	
105	7.339413e-09	0.000000e+00	1.953143e-01	1.610163e+00	
106	7.395342e-09	0.000000e+00	9.543096e-02	1.138092e+00	
107	7.457772e-09	0.000000e+00	4.252711e-02	7.718768e-01	
108	7.544338e-09	0.000000e+00	1.300091e-02	4.476454e-01	
109	7.653248e-09	0.000000e+00	2.578596e-03	2.232417e-01	
110	7.761853e-09	0.000000e+00	5.148950e-04	1.115651e-01	
111	7.878261e-09	0.000000e+00	8.555331e-05	5.280125e-02	
112	7.994283e-09	0.000000e+00	1.435343e-05	2.505765e-02	
113	8.162205e-09	0.000000e+00	-2.222981e-07	8.005801e-03	
114	8.364923e-09	0.000000e+00	2.427736e-08	1.862066e-03	
115	8.604923e-09	0.000000e+00	-4.652960e-09	2.818119e-04	
116	8.829871e-09	0.000000e+00	7.457707e-10	5.152145e-05	
117	9.000000e-09	0.000000e+00	-1.641729e-11	1.615820e-05	
118	9.001000e-09	1.200000e+00	1.456311e-02	7.342067e-03	
119	9.003000e-09	3.600000e+00	7.246206e-02	3.655645e-02	
120	9.007000e-09	8.400000e+00	3.567564e-01	1.813002e-01	
121	9.010000e-09	1.200000e+01	7.129655e-01	3.642345e-01	
122	9.010504e-09	1.200000e+01	7.823981e-01	4.001338e-01	
123	9.011512e-09	1.200000e+01	9.204092e-01	4.717110e-01	
124	9.013527e-09	1.200000e+01	1.191369e+00	6.135445e-01	
125	9.017558e-09	1.200000e+01	1.713648e+00	8.920085e-01	
126	9.025619e-09	1.200000e+01	2.684282e+00	1.428753e+00	
127	9.041742e-09	1.200000e+01	4.363159e+00	2.426270e+00	
128	9.073987e-09	1.200000e+01	6.888245e+00	4.151647e+00	
129	9.138478e-09	1.200000e+01	9.789034e+00	6.746668e+00	
130	9.225653e-09	1.200000e+01	1.133112e+01	8.965601e+00	
131	9.336107e-09	1.200000e+01	1.187186e+01	1.050284e+01	
132	9.479435e-09	1.200000e+01	1.199185e+01	1.141806e+01	
133	9.701155e-09	1.200000e+01	1.200125e+01	1.188955e+01	
134	9.941155e-09	1.200000e+01	1.199976e+01	1.198328e+01	
135	1.018115e-08	1.200000e+01	1.200005e+01	1.199747e+01	
136	1.042115e-08	1.200000e+01	1.199999e+01	1.199962e+01	
137	1.066115e-08	1.200000e+01	1.200000e+01	1.199994e+01	
138	1.090115e-08	1.200000e+01	1.200000e+01	1.199999e+01	
139	1.101000e-08	1.200000e+01	1.200000e+01	1.200000e+01	
140	1.101100e-08	1.080000e+01	1.198544e+01	1.199267e+01	
141	1.101300e-08	8.400000e+00	1.192754e+01	1.196346e+01	
142	1.101700e-08	3.600000e+00	1.164324e+01	1.181871e+01	
143	1.102000e-08	1.074042e-12	1.128703e+01	1.163578e+01	
144	1.102080e-08	0.000000e+00	1.117718e+01	1.157888e+01	
145	1.102240e-08	0.000000e+00	1.095962e+01	1.146564e+01	
146	1.102560e-08	0.000000e+00	1.053708e+01	1.124246e+01	
147	1.103200e-08	0.000000e+00	9.739953e+00	1.080902e+01	
148	1.104480e-08	0.000000e+00	8.320005e+00	9.991314e+00	
149	1.107040e-08	0.000000e+00	6.058942e+00	8.534721e+00	
150	1.112160e-08	0.000000e+00	3.159710e+00	6.215307e+00	
151	1.117848e-08	0.000000e+00	1.523553e+00	4.366809e+00	
152	1.122994e-08	0.000000e+00	7.916557e-01	3.174766e+00	
153	1.128662e-08	0.000000e+00	3.827934e-01	2.233392e+00	
154	1.133941e-08	0.000000e+00	1.953143e-01	1.610163e+00	
155	1.139534e-08	0.000000e+00	9.543096e-02	1.138092e+00	
156	1.145777e-08	0.000000e+00	4.252711e-02	7.718768e-01	
157	1.154434e-08	0.000000e+00	1.300091e-02	4.476454e-01	
158	1.165325e-08	0.000000e+00	2.578596e-03	2.232417e-01	
159	1.176185e-08	0.000000e+00	5.148950e-04	1.115651e-01	
160	1.187826e-08	0.000000e+00	8.555331e-05	5.280125e-02	
161	1.199428e-08	0.000000e+00	1.435343e-05	2.505765e-02	
162	1.200000e-08	0.000000e+00	1.337947e-05	2.419283e-02	

                   Titulo: AP04_tB, João Gross - Exercício 3
                   Transient Analysis  Mon Aug 30 20:17:11  2010
--------------------------------------------------------------------------------
Index   time            v(4)            
--------------------------------------------------------------------------------
0	0.000000e+00	0.000000e+00	
1	1.000000e-14	0.000000e+00	
2	2.000000e-14	0.000000e+00	
3	4.000000e-14	0.000000e+00	
4	8.000000e-14	0.000000e+00	
5	1.600000e-13	0.000000e+00	
6	3.200000e-13	0.000000e+00	
7	6.400000e-13	0.000000e+00	
8	1.280000e-12	0.000000e+00	
9	2.560000e-12	0.000000e+00	
10	5.120000e-12	0.000000e+00	
11	1.024000e-11	0.000000e+00	
12	2.048000e-11	0.000000e+00	
13	4.096000e-11	0.000000e+00	
14	8.192000e-11	0.000000e+00	
15	1.638400e-10	0.000000e+00	
16	3.276800e-10	0.000000e+00	
17	5.676800e-10	0.000000e+00	
18	8.076800e-10	0.000000e+00	
19	1.000000e-09	0.000000e+00	
20	1.001000e-09	3.674219e-03	
21	1.003000e-09	1.834860e-02	
22	1.007000e-09	9.138463e-02	
23	1.010000e-09	1.840959e-01	
24	1.010500e-09	2.022259e-01	
25	1.011501e-09	2.384304e-01	
26	1.013503e-09	3.105066e-01	
27	1.017505e-09	4.533380e-01	
28	1.025511e-09	7.337969e-01	
29	1.041523e-09	1.274524e+00	
30	1.073546e-09	2.279944e+00	
31	1.137592e-09	4.020696e+00	
32	1.224730e-09	5.904111e+00	
33	1.334746e-09	7.666152e+00	
34	1.477788e-09	9.227195e+00	
35	1.698010e-09	1.062866e+01	
36	1.938010e-09	1.136726e+01	
37	2.178010e-09	1.170805e+01	
38	2.418010e-09	1.186530e+01	
39	2.658010e-09	1.193785e+01	
40	2.898010e-09	1.197132e+01	
41	3.010000e-09	1.197974e+01	
42	3.011000e-09	1.197613e+01	
43	3.013000e-09	1.196158e+01	
44	3.017000e-09	1.188879e+01	
45	3.020000e-09	1.179626e+01	
46	3.020800e-09	1.176734e+01	
47	3.022400e-09	1.170966e+01	
48	3.025600e-09	1.159514e+01	
49	3.032000e-09	1.136944e+01	
50	3.044800e-09	1.093110e+01	
51	3.070400e-09	1.010416e+01	
52	3.121600e-09	8.631120e+00	
53	3.178476e-09	7.244530e+00	
54	3.229942e-09	6.183309e+00	
55	3.286617e-09	5.193181e+00	
56	3.339413e-09	4.414263e+00	
57	3.395342e-09	3.715991e+00	
58	3.457772e-09	3.065822e+00	
59	3.544338e-09	2.346360e+00	
60	3.653248e-09	1.673982e+00	
61	3.761853e-09	1.195429e+00	
62	3.878261e-09	8.328551e-01	
63	3.994283e-09	5.809612e-01	
64	4.162205e-09	3.427643e-01	
65	4.364923e-09	1.800211e-01	
66	4.604923e-09	8.306182e-02	
67	4.829871e-09	4.041018e-02	
68	5.000000e-09	2.366915e-02	
69	5.001000e-09	2.727090e-02	
70	5.003000e-09	4.180078e-02	
71	5.007000e-09	1.145505e-01	
72	5.010000e-09	2.070492e-01	
73	5.010504e-09	2.252695e-01	
74	5.011512e-09	2.616537e-01	
75	5.013527e-09	3.340854e-01	
76	5.017558e-09	4.776121e-01	
77	5.025619e-09	7.594004e-01	
78	5.041742e-09	1.302553e+00	
79	5.073987e-09	2.311979e+00	
80	5.138478e-09	4.057952e+00	
81	5.225653e-09	5.933285e+00	
82	5.336107e-09	7.692852e+00	
83	5.479435e-09	9.246819e+00	
84	5.701155e-09	1.064543e+01	
85	5.941155e-09	1.137500e+01	
86	6.181155e-09	1.171162e+01	
87	6.421155e-09	1.186694e+01	
88	6.661155e-09	1.193861e+01	
89	6.901155e-09	1.197167e+01	
90	7.010000e-09	1.197979e+01	
91	7.011000e-09	1.197617e+01	
92	7.013000e-09	1.196162e+01	
93	7.017000e-09	1.188883e+01	
94	7.020000e-09	1.179630e+01	
95	7.020800e-09	1.176739e+01	
96	7.022400e-09	1.170971e+01	
97	7.025600e-09	1.159519e+01	
98	7.032000e-09	1.136949e+01	
99	7.044800e-09	1.093115e+01	
100	7.070400e-09	1.010420e+01	
101	7.121600e-09	8.631154e+00	
102	7.178476e-09	7.244559e+00	
103	7.229942e-09	6.183333e+00	
104	7.286617e-09	5.193202e+00	
105	7.339413e-09	4.414280e+00	
106	7.395342e-09	3.716006e+00	
107	7.457772e-09	3.065834e+00	
108	7.544338e-09	2.346370e+00	
109	7.653248e-09	1.673989e+00	
110	7.761853e-09	1.195433e+00	
111	7.878261e-09	8.328583e-01	
112	7.994283e-09	5.809635e-01	
113	8.162205e-09	3.427656e-01	
114	8.364923e-09	1.800218e-01	
115	8.604923e-09	8.306214e-02	
116	8.829871e-09	4.041034e-02	
117	9.000000e-09	2.366925e-02	
118	9.001000e-09	2.727100e-02	
119	9.003000e-09	4.180087e-02	
120	9.007000e-09	1.145506e-01	
121	9.010000e-09	2.070493e-01	
122	9.010504e-09	2.252696e-01	
123	9.011512e-09	2.616538e-01	
124	9.013527e-09	3.340855e-01	
125	9.017558e-09	4.776122e-01	
126	9.025619e-09	7.594005e-01	
127	9.041742e-09	1.302553e+00	
128	9.073987e-09	2.311979e+00	
129	9.138478e-09	4.057952e+00	
130	9.225653e-09	5.933285e+00	
131	9.336107e-09	7.692852e+00	
132	9.479435e-09	9.246819e+00	
133	9.701155e-09	1.064543e+01	
134	9.941155e-09	1.137500e+01	
135	1.018115e-08	1.171162e+01	
136	1.042115e-08	1.186694e+01	
137	1.066115e-08	1.193861e+01	
138	1.090115e-08	1.197167e+01	
139	1.101000e-08	1.197979e+01	
140	1.101100e-08	1.197617e+01	
141	1.101300e-08	1.196162e+01	
142	1.101700e-08	1.188883e+01	
143	1.102000e-08	1.179630e+01	
144	1.102080e-08	1.176739e+01	
145	1.102240e-08	1.170971e+01	
146	1.102560e-08	1.159519e+01	
147	1.103200e-08	1.136949e+01	
148	1.104480e-08	1.093115e+01	
149	1.107040e-08	1.010420e+01	
150	1.112160e-08	8.631154e+00	
151	1.117848e-08	7.244559e+00	
152	1.122994e-08	6.183333e+00	
153	1.128662e-08	5.193202e+00	
154	1.133941e-08	4.414280e+00	
155	1.139534e-08	3.716006e+00	
156	1.145777e-08	3.065834e+00	
157	1.154434e-08	2.346370e+00	
158	1.165325e-08	1.673989e+00	
159	1.176185e-08	1.195433e+00	
160	1.187826e-08	8.328583e-01	
161	1.199428e-08	5.809635e-01	
162	1.200000e-08	5.708508e-01	

elapsed time since last call: 0.000 seconds.

Total elapsed time: 0.000 seconds.

Current dynamic memory usage = 17240064,
Dynamic memory limit = 2147352576.

