param: VERTICES: demand := 
	    1   -52
	    2    62
	    3   -16
	    4    39
	    5   -45
	    6    43
	    7    51
	    8    46
	    9   -67
	   10   -40
	   11   -47
	   12    33
	   13   -44
	   14   -31
	   15    44
	   16    57
	   17    26
	   18    18
	   19    32
	   20    31
	   21   -42
	   22   -63
	   23   -24
	   24    43
	   25   -20
	   26    29
	   27   -53
	   28    51
	   29   -34
	   30   -33
	   31    30
	   32   -29
	   33   -29
	   34    44
	   35   -22
	   36    41
	   37   -49
	   38    59
	   39   -39
	   40    58
	   41   -61
	   42   -26
	   43    30
	   44    26
	   45    35
	   46   -45
	   47   -45
	   48   -35
	   49    30
	   50    60
	   51    44
	   52   -47
	   53   -40
	   54   -17
	   55   -54
	   56    43
	   57    38
	   58    51
	   59   -62
	   60    14
	   61   -20
	   62    56
	   63   -36
	   64   -36
	   65   -50
	   66    47
	   67    55
	   68    52
	   69    28
	   70   -47
	   71    45
	   72   -43
	   73   -63
	   74   -38
	   75   -45
	   76   -38
	   77    31
	   78    36
	   79   -34
	   80    49
	   81    27
	   82   -26
	   83    59
	   84    49
	   85   -15
	   86    49
	   87   -29
	   88    39
	   89    34
	   90   -60
	   91   -61
	   92   -54
	   93    43
	   94    31
	   95    56
	   96   -58
	   97   -52
	   98    53
	   99   -38
	  100    42
	  101   -41
	  102    51
	  103   -60
	  104    57
	  105   -49
	  106   -35
	  107    20
	  108   -26
	  109    60
	  110    35
	  111    53
	  112   -53
	  113    40
	  114   -68
	  115   -50
	  116    57
	  117   -48
	  118   -30
	  119    43
	  120    30
	  121     6
	  122    29
	  123   -50
	  124    45
	  125   -51
	  126    15
	  127    53
	  128   -35
	  129   -34
	  130    55
	  131    40
	  132   -64
	  133    43
	  134   -14
	  135   -52
	  136    50
	  137   -62
	  138   -23
	  139   -26
	  140    40
	  141    57
	  142   -11
	  143    42
	  144    34
	  145   -69
	  146    43
	  147   -52
	  148   -52
	  149   -57
	  150    22
	  151   -35
	  152   -45
	  153    56
	  154   -39
	  155    70
	  156   -53
	  157    40
	  158    57
	  159    49
	  160   -30
	  161    46
	  162   -56
	  163    44
	  164    27
	  165    35
	  166   -61
	  167   -27
	  168   -24
	  169    14
	  170    28
	  171    49
	  172   -17
	  173    27
	  174    29
	  175   -64
	  176    24
	  177   -33
	  178   -23
	  179   -10
	  180    31
	  181   -46
	  182   -38
	  183    49
	  184   -26
	  185    33
	  186   -58
	  187    56
	  188   -44
	  189    37
	  190    40
	  191   -29
	  192    19
	  193   -18
	  194   -23
	  195    49
	  196    47
	  197   -47
	  198   -30
	  199   -41
	  200    19
	  201    39
	  202   -28
	  203   -26
	  204    15
	  205   -42
	  206    11
	  207    42
	  208   -21
	  209    27
	  210    45
	  211   -42
	  212    50
	  213    52
	  214   -57
	  215   -38
	  216    27
	  217   -54
	  218   -59
	  219    35
	  220   -55
	  221    43
	  222    62
	  223    49
	  224   -55
	  225   -53
	  226    45
	  227   -38
	  228    19
	  229    51
	  230    44
	  231   -51
	  232   -42
	  233    49
	  234    45
	  235    28
	  236   -35
	  237    45
	  238   -43
	  239    23
	  240   -43
	  241   -20
	  242   -32
	  243   -34
	  244    60
	  245   -17
	  246   -18
	  247    29
	  248    15
	  249   -40
	  250    56
	  251    44
	  252    31
	  253   -66
	  254   -51
	  255    26
	  256   -27
	  257    21
	  258   -58
	  259   -44
	  260    18
	  261    56
	  262   -56
	  263   -44
	  264    48
	  265   -48
	  266   -30
	  267    20
	  268   -47
	  269    42
	  270    45
	  271    53
	  272   -37
	  273    41
	  274    56
	  275   -22
	  276    50
	  277   -23
	  278    45
	  279   -68
	  280    11
	  281   -46
	  282   -14
	  283    56
	  284   -59
	  285    43
	  286    19
	  287    42
	  288   -55
	  289   -42
	  290    10
	  291   -15
	  292   -42
	  293    61
	  294    49
	  295   -59
	  296   -43
	  297   -15
	  298    63
	  299   -27
	  300   -50
	  301    40
	  302    56
	  303   -50
	  304   -18
	  305    53
	  306   -51
	  307     7
	  308    58
	  309   -46
	  310   -38
	  311    16
	  312    56
	  313    12
	  314   -59
	  315   -51
	  316    62
	  317   -39
	  318   -36
	  319    65
	  320    49
	  321   -54
	  322    13
	  323    61
	  324    16
	  325    49
	  326    41
	  327   -66
	  328    46
	  329    36
	  330   -44
	  331   -51
	  332    15
	  333   -66
	  334   -21
	  335    28
	  336   -41
	  337    24
	  338   -57
	  339    35
	  340   -49
	  341   -49
	  342    47
	  343    23
	  344    52
	  345    36
	  346    42
	  347    31
	  348    45
	  349   -41
	  350   -53
	  351   -40
	  352   -55
	  353    42
	  354    41
	  355   -49
	  356    32
	  357   -54
	  358    33
	  359   -57
	  360   -48
	  361    35
	  362    48
	  363    39
	  364   -27
	  365    47
	  366   -28
	  367   -47
	  368    12
	  369    29
	  370   -43
	  371   -56
	  372    68
	  373    46
	  374   -44
	  375    48
	  376   -40
	  377   -56
	  378   -43
	  379   -31
	  380    45
	  381    62
	  382    59
	  383    50
	  384   -42
	  385    33
	  386    24
	  387   -56
	  388    61
	  389   -70
	  390    80
	  391   -97
	  392   -70
	  393   -57
	  394   -71
	  395   131
	  396    76
	  397    45
	  398   -62
	  399    63
	  400    82
	  401  -110
	  402    52
	  403    78
	  404   -61
	  405   -50
	  406  -102
	  407    80
	  408   -76
	  409    92
	  410   -74
	  411    71
	  412   -66
	  413   -55
	  414    93
	  415   -96
	  416    90
	  417   -96
	  418   -66
	  419   100
	  420   -64
	  421    65
	  422   -81
	  423   -73
	  424   122
	  425    87
	  426   -98
	  427    66
	  428    69
	  429    76
	  430   -37
	  431    77
	  432   -66
	  433    49
	  434   -63
	  435   -85
	  436   -51
	  437   -58
	  438    74
	  439    64
	  440   -57
	  441    99
	  442   -81
	  443   -47
	  444    64
	  445   -68
	  446   -83
	  447   117
	  448   -54
	  449   -62
	  450   -74
	  451    95
	  452    76
	  453   -70
	  454    43
	  455   -40
	  456   104
	  457    82
	  458   -97
	  459   -71
	  460   105
	  461   -63
	  462    54
	  463    77
	  464   -84
	  465    59
	  466    74
	  467  -107
	  468  -107
	  469   109
	  470   -78
	  471    82
	  472   -71
	  473    78
	  474   -83
	  475    65
	  476    88
	  477   -90
	  478   -71
	  479    96
	  480   -56
	  481    76
	  482   -62
	  483    86
	  484    85
	  485  -121
	  486    82
	  487    93
	  488   -96
	  489   -45
	  490    48
	  491   -83
	  492   -70
	  493    75
	  494   -96
	  495   112
	  496    86
	  497    62
	  498  -124
	  499  -104
	  500    98
	  501  -111
	  502    98
	  503   -87
	  504    75
	  505   -98
	  506   -76
	  507    88
	  508   -65
	  509    62
	  510   -61
	  511   -42
	  512    55
	  513    65
	  514    58
	  515   -56
	  516   -59
	  517   102
	  518   -80
	  519    97
	  520   -48
	  521   -71
	  522    77
	  523   -69
	  524   -92
	  525   100
	  526   116
	  527   -66
	  528    80
	  529   -64
	  530   -74
	  531   -31
	  532    83
	  533    82
	  534    97
	  535   -83
	  536    96
	  537  -101
	  538   -83
	  539   -66
	  540   114
	  541  -105
	  542    68
	  543   -93
	  544   112
	  545   -88
	  546   121
	  547  -113
	  548    90
	  549   -63
	  550   -83
	  551   107
	  552    62
	  553   -77
	  554  -103
	  555   119
	  556    77
	  557   -64
	  558   -91
	  559   110
	  560    74
	  561   -65
	  562   -96
	  563   -34
	  564    74
	  565    52
	  566  -104
	  567   -82
	  568    80
	  569    78
	  570   -97
	  571    36
	  572    79
	  573   -92
	  574   -78
	  575   -82
	  576    80
	  577    95
	  578    58
	  579    85
	  580   -87
	  581    39
	  582  -100
	  583    87
	  584   102
	  585   -63
	  586   -70
	  587   106
	  588   -69
	  589    66
	  590   -64
	  591   -93
	  592   104
	  593    97
	  594    83
	  595  -103
	  596  -125
	  597    69
	  598   -67
	  599   -72
	  600    79
	  601    61
	  602   -99
	  603    88
	  604  -103
	  605    65
	  606    55
	  607   -38
	  608   -77
	  609   -90
	  610    80
	  611   105
	  612   -99
	  613   -81
	  614   112
	  615    60
	  616   -86
	  617   -68
	  618    95
	  619  -100
	  620    57
	  621    74
	  622   -73
	  623    57
	  624   104
	  625   -65
	  626   -68
	  627    72
	  628    72
	  629  -120
	  630   -92
	  631    63
	  632   -55
	  633    77
	  634   -77
	  635   -89
	  636   -79
	  637    97
	  638    76
	  639   -38
	  640    68
	  641   -74
	  642   112
	  643    81
	  644   -91
	  645    96
	  646    76
	  647    71
	  648   -93
	  649    95
	  650   -96
	  651   -55
	  652   -91
	  653    36
	  654   -54
	  655   -64
	  656   -84
	  657    93
	  658   108
	  659   -81
	  660   125
	  661    90
	  662  -115
	  663  -102
	  664   -71
	  665   -81
	  666    94
	  667    57
	  668    69
	  669    68
	  670   -71
	  671    98
	  672   -45
	  673   -94
	  674    81
	  675   -40
	  676   -71
	  677   -49
	  678    95
	  679   -69
	  680   -59
	  681    87
	  682   -91
	  683    97
	  684    67
	  685    33
	  686   -78
	  687   109
	  688   -60
	  689   -68
	  690   -42
	  691    76
	  692   -70
	  693    82
	  694    81
	  695    89
	  696   -78
	  697   -54
	  698   104
	  699   -58
	  700   -83
	  701   -85
	  702    79
	  703   -37
	  704   -62
	  705   100
	  706    72
	  707   -99
	  708    99
	  709   -75
	  710   -62
	  711    86
	  712   -92
	  713    62
	  714    75
	  715   -42
	  716   -61
	  717    69
	  718    55
	  719   -50
	  720   -49
	  721    92
	  722    54
	  723   -67
	  724   -57
	  725    57
	  726   -91
	  727    95
	  728   -70
	  729    78
	  730   -52
	  731   -58
	  732   -94
	  733   104
	  734   105
	  735   -76
	  736   -96
	  737   -55
	  738   -49
	  739    88
	  740    75
	  741    92
	  742    69
	  743   -63
	  744   -47
	  745    64
	  746    47
	  747  -109
	  748    56
	  749   -77
	  750   -57
	  751    99
	  752    45
	  753   -60
	  754    62
	  755   -90
	  756   -69
	  757    70
	  758    64
	  759  -111
	  760    63
	  761    39
	  762    51
	  763  -109
	  764  -109
	  765   -44
	  766    82
	  767   -51
	  768    71
	  769   -97
	  770    83
	  771    88
	  772   -86
	  773   104
	  774    64
	  775  -112
	  776    68
	  777    71
	  778   -46
	  779  -104
	  780   -80
	  781   -68
	  782    76
	  783    93
	  784   -63
	  785   -66
	  786    85
	  787    59
	  788    51
	  789    51
	  790    82
	  791   -50
	  792    60
	  793   -63
	  794    46
	  795   -60
	  796  -122
	  797  -103
	  798   -83
	  799   109
	  800    63
	  801   -35
	  802    42
	  803   -55
	  804    65
	  805    77
	  806   -69
	  807   -60
	  808   -65
	  809   116
	  810   -83
	  811   100
	  812    55
	  813   -69
	  814   114
	  815   -75
	  816    96
	  817   -74
	  818   -92
	  819    76
	  820   -90
	  821    56
	  822  -109
	  823   -59
	  824   -73
	  825   129
	  826    29
	  827    90
	  828   -62
	  829    87
	  830   -56
	  831   -52
	  832   -74
	  833    52
	  834    72
	  835    57
	  836   -51
	  837   -53
	  838    96
	  839   -74
	  840    58
	  841   -98
	  842    61
	  843   -50
	  844    61
	  845    52
	  846   -78
	  847   -80
	  848    72
	  849   103
	  850    44
	  851  -106
	  852    80
	  853   -18
	  854   -92
	  855    94
	  856    72
	  857   -48
	  858  -117
	  859   -24
	  860    97
	  861    66
	  862  -120
	  863    91
	  864    82
	  865   -75
	  866   -70
	  867    97
	  868   -76
	  869   -89
	  870    56
	  871   -58
	  872   -91
	  873   123
	  874   -95
	  875    46
	  876   -90
	  877    65
	  878    55
	  879    91
	  880    53
	  881   -48
	  882    77
	  883   -74
	  884    72
	  885   -81
	  886    69
	  887   -83
	  888   -97
	  889   -50
	  890    58
	  891    85
	  892    64
	  893  -102
	  894   -75
	  895    68
	  896   -74
	  897   -57
	  898   112
	  899   -91
	  900   -80
	  901   101
	  902    52
	  903   113
	  904   -73
	  905    98
	  906    52
	  907    62
	  908   -90
	  909   -70
	  910   -66
	  911   -69
	  912    83
	  913   -76
	  914    68
	  915    54
	  916    91
	  917    74
	  918  -112
	  919   -89
	  920    90
	  921   -89
	  922   -46
	  923    68
	  924    96
	  925   -89
	  926    81
	  927   -77
	  928  -101
	  929   -80
	  930    73
	  931   -84
	  932    80
	  933    78
	;

param: ARCS: capacity weight := 
	    1   547     83    16
	    2   548     96     8
	    3   549     27    14
	    4   550     65     6
	    5   551     53    11
	    6   552     70    12
	    7   553     91     6
	    8   554     92     9
	    9   555     64     7
	   10   556     31    18
	   11   557     82    12
	   12   558     52    10
	   13   559     25     1
	   14   560     34    13
	   15   561     63    14
	   16   562     91    10
	   17   563     50    19
	   18   564     41    11
	   19   565     67    14
	   20   566     71    12
	   21   567     91     6
	   22   568     58    18
	   23   569     32    18
	   24   570     74    18
	   25   571     12    11
	   26   572     55    20
	   27   573     87     9
	   28   574     88     1
	   29   575     67    14
	   30   576     25    12
	   31   577     49    15
	   32   578     47     9
	   33   579     22    20
	   34   580     68     1
	   35   581      9     6
	   36   582     67     2
	   37   583     38     4
	   38   584     96    11
	   39   585     56     2
	   40   586     97    10
	   41   587     24    20
	   42   588     38    13
	   43   589     46    11
	   44   590     44     1
	   45   591     64    18
	   46   592      7     4
	   47   593     33    10
	   48   594     14     8
	   49   595     40     7
	   50   596     95    15
	   51   597     78    20
	   52   598     31     4
	   53   599     51     4
	   54   600     10     9
	   55   601      6     1
	   56   602     58    14
	   57   603     57     8
	   58   604     85     2
	   59   605     46     6
	   60   606     21     2
	   61   607     10    13
	   62   608     90    13
	   63   609     64     2
	   64   610     27     4
	   65   611     56    13
	   66   612     65     8
	   67   613     86     5
	   68   614     89    16
	   69   615     58    10
	   70   616     42     7
	   71   617     84     5
	   72   618     75    10
	   73   619     72    11
	   74   620     30    15
	   75   621     19     2
	   76   622     37     8
	   77   623     31    10
	   78   624     44    11
	   79   625     43    16
	   80   626     65    16
	   81   627     37    17
	   82   628     18     7
	   83   629     91    12
	   84   630     83     1
	   85   631     23    15
	   86   632     89    12
	   87   633     38     6
	   88   634     76     3
	   89   635     74     5
	   90   636     79     4
	   91   637     92    16
	   92   638     80    18
	   93   639     66    16
	   94   640     53    17
	   95   641     99    13
	   96   642     22     8
	   97   643     16    16
	   98   644     86    18
	   99   645      9    15
	  100   646     69     6
	  101   647     25     4
	  102   648     85    19
	  103   649     44     7
	  104   650     93    14
	  105   651     12     5
	  106   652     56     8
	  107   653     27     2
	  108   654     37    14
	  109   655     92    10
	  110   656     62     9
	  111   657     97     2
	  112   658     26    18
	  113   659     76    15
	  114   660     85    13
	  115   661      6    10
	  116   662     91     9
	  117   663     75    16
	  118   664     39    16
	  119   665     64     3
	  120   666     49    13
	  121   667     15    11
	  122   668     54    18
	  123   669     26     2
	  124   670     77     6
	  125   671      7     7
	  126   672     26    14
	  127   673     91    13
	  128   674     15     2
	  129   675      9    11
	  130   676     92    19
	  131   677     77    19
	  132   678     26     6
	  133   679     77    17
	  134   680     18     5
	  135   681     16    20
	  136   682     85    13
	  137   683     66     4
	  138   684     38    13
	  139   685     19    18
	  140   686     59    13
	  141   687     93    13
	  142   688     16    19
	  143   689     77     3
	  144   690     69     7
	  145   691     93     3
	  146   692     79    12
	  147   693     60     7
	  148   694     68    11
	  149   695     18    19
	  150   696     25    10
	  151   697     15     3
	  152   698     29     9
	  153   699     71    19
	  154   700     33    16
	  155   701     98     6
	  156   702     70     5
	  157   703     51     9
	  158   704     86    10
	  159   705     81    19
	  160   706     55    20
	  161   707     79     8
	  162   708     58    17
	  163   709     74     5
	  164   710     53    16
	  165   711     71    14
	  166   712     85    16
	  167   713     38     8
	  168   714     35    17
	  169   715     24    20
	  170   716     49     6
	  171   717     89     2
	  172   718     14    12
	  173   719     57    16
	  174   720     66    16
	  175   721     78    10
	  176   722     51    11
	  177   723     42     7
	  178   724     35    17
	  179   725     19    13
	  180   726     56    18
	  181   727     52    18
	  182   728     26     7
	  183   729     77    18
	  184   730     23    16
	  185   731     55     2
	  186   732     72     4
	  187   733     89    13
	  188   734      6    10
	  189   735     58    13
	  190   736     70    11
	  191   737     54     1
	  192   738     37     1
	  193   739     25    19
	  194   740     28    18
	  195   741     83    16
	  196   742     88    12
	  197   743     13     5
	  198   744     21    16
	  199   745     23     1
	  200   746     29     5
	  201   747     66     1
	  202   748      9    14
	  203   749     38     8
	  204   750     23     8
	  205   751     68     9
	  206   752     13    18
	  207   753     66    18
	  208   754     10    15
	  209   755     44    14
	  210   756     78     2
	  211   757     58     4
	  212   758     88    11
	  213   759     99     8
	  214   760     32     2
	  215   761     12    18
	  216   762     51     9
	  217   763     99    17
	  218   764     93     2
	  219   765     50    11
	  220   766     58     9
	  221   767     60     4
	  222   768     99    11
	  223   769     87     1
	  224   770     80     3
	  225   771     24    20
	  226   772     70    17
	  227   773     65     6
	  228   774     29     5
	  229   775     84     4
	  230   776     81    18
	  231   777     54     1
	  232   778     47    16
	  233   779     82    11
	  234   780     84     8
	  235   781     62     3
	  236   782     47    19
	  237   783     90     5
	  238   784     29    13
	  239   785     53     6
	  240   786     31    18
	  241   787      7    14
	  242   788      8     9
	  243   789     19    20
	  244   790     98     2
	  245   791     36     2
	  246   792     23    10
	  247   793     50    10
	  248   794     32    18
	  249   795     16    11
	  250   796     95    20
	  251   797     85     7
	  252   798     71     7
	  253   799     91     3
	  254   800     70    19
	  255   801     48     9
	  256   802     15     2
	  257   803     40     7
	  258   804     11     6
	  259   805     39    18
	  260   806     21    10
	  261   807     87     4
	  262   808     85    18
	  263   809     63     5
	  264   810     66     6
	  265   811     67     6
	  266   812     23     8
	  267   813     20     5
	  268   814     57    10
	  269   815     47    12
	  270   816     59    10
	  271   817     80    20
	  272   818     46     5
	  273   819     62    10
	  274   820     94    11
	  275   821     44     6
	  276   822     90    12
	  277   823     18    12
	  278   824     86     8
	  279   825     23     9
	  280   826     26     3
	  281   827     81    19
	  282   828      5     7
	  283   829     93     9
	  284   830     69     1
	  285   831     70     6
	  286   832     38     9
	  287   833     79    15
	  288   834     11    12
	  289   835     44     6
	  290   836     16    12
	  291   837     24     2
	  292   838     28     1
	  293   839     93    10
	  294   840     83     6
	  295   841     90     7
	  296   842     60     7
	  297   843      6     5
	  298   844     96     3
	  299   845     14    16
	  300   846     45    16
	  301   847     55    12
	  302   848     89     7
	  303   849     86     1
	  304   850     17     1
	  305   851     81    10
	  306   852     27    18
	  307   853      7     4
	  308   854     91     1
	  309   855     14    17
	  310   856     23    13
	  311   857     17    15
	  312   858     87    16
	  313   859     23    11
	  314   860      7     3
	  315   861     54     8
	  316   862     89    16
	  317   863     41     3
	  318   864     30    14
	  319   865     92    20
	  320   866     77     1
	  321   867     41    18
	  322   868     16     1
	  323   869     98     1
	  324   870     32     7
	  325   871     91    18
	  326   872     85    19
	  327   873     84     5
	  328   874     89    15
	  329   875     81     1
	  330   876     94    12
	  331   877     34    10
	  332   878     36    12
	  333   879     80    19
	  334   880     17     2
	  335   881     45     5
	  336   882     58    20
	  337   883     37    12
	  338   884     45     8
	  339   885     49    20
	  340   886     43     8
	  341   887     60    12
	  342   888     59    15
	  343   889     27    15
	  344   890     79     3
	  345   891     61     9
	  346   892     76    15
	  347   893     65    10
	  348   894     94     4
	  349   895      7    20
	  350   896     57     9
	  351   897     72     4
	  352   898     40    17
	  353   899     65     1
	  354   900     70    16
	  355   901     67    15
	  356   902     54    11
	  357   903     55    15
	  358   904     52    19
	  359   905     43     5
	  360   906     33    15
	  361   907     43    11
	  362   908     70    14
	  363   909     64    19
	  364   910     20     1
	  365   911     79     8
	  366   912      6    15
	  367   913     74    20
	  368   914     16    19
	  369   915     47    14
	  370   916     20    19
	  371   917     54    18
	  372   918     99     6
	  373   919     74     5
	  374   920     74     5
	  375   921     78    20
	  376   922     36    14
	  377   923     50    19
	  378   924     40     9
	  379   925     30     9
	  380   926     52    18
	  381   927     89    10
	  382   928     94    12
	  383   929     88     7
	  384   930     55    10
	  385   931     61    19
	  386   932     52     1
	  387   933      9    20
	  388   390     13    13
	  388   391     96    20
	  388   708     44     4
	  388   802     41    20
	  389   390     39    10
	  389   801     14    10
	  389   914     97    18
	  390   388     52    10
	  390   389     86    17
	  390   925    120     4
	  391   388     26     1
	  391   392     97     7
	  391   709     43    17
	  391   715     38    19
	  392   391     49     4
	  392   393     42    14
	  392   713     13    16
	  392   717     23     8
	  393   392     18    13
	  393   394     41     1
	  393   712     68    18
	  393   716     53    14
	  394   393     63     9
	  394   395     18     8
	  394   584     43     3
	  394   601     58    12
	  395   394    127    14
	  395   396     90     4
	  395   584     19    10
	  395   600     47     6
	  396   395     91     4
	  396   397     61     3
	  397   396     44     5
	  397   398     35    19
	  397   588     61    14
	  397   604     81     6
	  398   397     42    20
	  398   399     59     3
	  398   400     30     7
	  398   403     28     8
	  399   398     58     6
	  399   537     48     7
	  399   604     22    14
	  399   609     93     2
	  400   398     82    18
	  400   401     66    10
	  400   587     35    16
	  400   609     87    13
	  401   400     81     9
	  401   402     45    20
	  401   585     63    13
	  401   590     47    19
	  402   401     94    13
	  403   398     86     1
	  403   404     60     6
	  403   606     34    15
	  403   611     41    12
	  404   403     55    11
	  404   405     24    11
	  404   675     53    13
	  404   680     97    16
	  405   404     15    14
	  405   406     73     7
	  405   488     41    13
	  406   405     42     4
	  406   407     34    20
	  406   677     17    18
	  406   682     79    16
	  407   406    108     2
	  407   408     39     5
	  407   687      7     3
	  407   692     43    19
	  408   407     83     3
	  408   409     25     9
	  408   689     36    13
	  408   694     62    20
	  409   408    102    10
	  409   410     64    20
	  409   538     46    12
	  409   539     65    10
	  410   409      9    19
	  410   411     69    16
	  410   690     12     8
	  410   700     95     4
	  411   410     52    16
	  411   412     88     5
	  411   685     29    10
	  411   695     89    19
	  412   411     19    15
	  412   413     45    20
	  413   412     39     4
	  413   414     13     3
	  413   730     55     5
	  413   734     12    10
	  414   413     50    15
	  414   415     93     9
	  414   731     41    10
	  414   735     59     4
	  415   414     69     4
	  415   416     27     3
	  415   727     93    20
	  415   733     72    18
	  416   415     65    14
	  416   417     73     3
	  416   726     89     6
	  416   732     94     6
	  417   416     35    14
	  417   732     72     7
	  417   913     55     5
	  417   926     76    18
	  418   419     34    17
	  418   921     56    15
	  418   922     86    13
	  418   923     41     4
	  419   418     52    18
	  419   420     90     1
	  419   739     97     1
	  419   743     73     8
	  420   419     76    11
	  420   421     16     7
	  420   751     19     7
	  420   752     15    14
	  421   420     25     9
	  421   422     66    12
	  421   753     22     4
	  421   754     67    15
	  422   421     59    12
	  422   423     55     5
	  422   762     26    19
	  422   766     29     7
	  423   422     77    19
	  423   424     19    18
	  423   764     93    16
	  423   767     40    12
	  424   423     95    20
	  424   425     82    14
	  424   773     31     9
	  424   777     20    14
	  425   424     51    20
	  425   426     81     5
	  425   775     89     3
	  425   779     92    16
	  426   425     37    20
	  426   427     28    15
	  426   441     19    12
	  427   426    100     9
	  427   428     15    15
	  427   594     17    12
	  427   779     55     8
	  428   427     86    18
	  428   429     25    10
	  428   431     71    15
	  429   428     93    11
	  429   430     42    19
	  429   593     32    18
	  429   778     12     6
	  430   429      6     5
	  431   428     84     1
	  431   432    148    10
	  431   593     27     3
	  431   597     10    19
	  432   431     37     1
	  432   433     39     1
	  432   595     95    14
	  432   599     69    12
	  433   432     24    12
	  433   434     74     7
	  433   616     95    13
	  433   617     36    17
	  434   433     25     7
	  434   435     73    17
	  434   618     22    19
	  434   619     98    14
	  435   434     37     8
	  435   436     46     6
	  435   552     15     5
	  435   554     84    17
	  436   435     56    12
	  436   437     27     8
	  436   496     36     4
	  437   436     40     9
	  437   438     44    10
	  437   554     97    10
	  437   556     30    20
	  438   437     79    20
	  438   439     27    19
	  438   535     89    17
	  438   536     80     4
	  438   540      8    19
	  439   438     93    19
	  439   440     64     7
	  439   614     13    17
	  439   615     27    19
	  440   439     39    19
	  440   441      8     3
	  440   612     92     2
	  440   613     58     2
	  441   426     77     9
	  441   440     84    14
	  441   591     86    19
	  441   596     94     7
	  442   443     55    11
	  442   898      9     9
	  442   899     93     1
	  442   929     58    18
	  443   442     50    14
	  443   444      8    17
	  443   897     39     6
	  443   898     98     6
	  444   443     27    17
	  444   445     71    10
	  445   444     38    14
	  445   446     63     6
	  445   885     65    11
	  445   886     64     5
	  446   445     42     5
	  446   447     84    10
	  446   858     94    14
	  446   859     23     8
	  447   446     87     8
	  447   448     87    12
	  447   848     23     6
	  447   849     92    17
	  448   447     11    10
	  448   449     57     4
	  448   664     92    19
	  448   665     95    11
	  449   448     12    18
	  449   450     66    19
	  449   662     77    17
	  449   663     90    16
	  450   449     61     6
	  450   451     32    19
	  450   453     94     4
	  450   508     51     6
	  451   450    174     8
	  451   452     41    10
	  451   654     51     2
	  451   655     21    14
	  452   451    100    15
	  452   525     70    18
	  452   652     84    15
	  452   654     70    20
	  453   450     33    15
	  453   454     50     5
	  453   650     31    17
	  453   841     86    19
	  454   453     31     6
	  454   455     22    10
	  454   838     86    19
	  454   840     19     6
	  455   454      6    13
	  455   456      9     4
	  455   833     35     2
	  455   835     10     2
	  456   455     75    20
	  456   457     96    12
	  456   834      5     4
	  456   836     62    17
	  457   456     62    10
	  457   458     74    12
	  457   829     52     4
	  457   831     55    15
	  458   457      6    10
	  458   459     44    19
	  458   467     66    12
	  458   468     83    18
	  459   458     77    20
	  459   460     14    14
	  459   832     97    11
	  459   845     14    14
	  460   459     79     3
	  460   461     81    17
	  460   872     77     6
	  460   875     10    10
	  461   460     31    13
	  461   462      5    14
	  461   874     73     8
	  461   877     55    19
	  462   461     23    15
	  462   873     59    18
	  462   876     69     4
	  462   927     21     7
	  463   464     60    14
	  463   928     69    17
	  464   463     26    20
	  464   465     15    13
	  464   883     65     8
	  464   884     24     3
	  465   464     69     1
	  465   466     28     9
	  465   862     93    15
	  465   881     18    16
	  466   465     40     4
	  466   467     95    16
	  466   855     57     6
	  466   862      7    15
	  467   458     72    13
	  467   466     35     6
	  467   845     13    20
	  467   855     69    15
	  468   458     41    11
	  468   469     88    15
	  468   829     51    11
	  468   830     62    16
	  469   468     93     4
	  469   470     74    16
	  469   819     19     1
	  469   824     63     3
	  470   469     29    14
	  470   471     37    15
	  470   817     22     1
	  470   822     90    17
	  471   470     53    13
	  471   472     74    14
	  471   815     60    13
	  471   816     72    12
	  472   471     84    18
	  472   473     22    12
	  472   813     91    15
	  472   815     50    10
	  473   472     42    20
	  473   474     81     1
	  473   475     63    17
	  473   707     78    15
	  473   813     73    16
	  474   473     18     2
	  474   538     80     2
	  474   701     46     1
	  474   706     45     7
	  475   473     88    13
	  475   476     12     7
	  475   706     81    18
	  475   707     73     7
	  476   475     55    10
	  476   477     95     5
	  476   705     63     2
	  476   707     30     5
	  477   476     14     6
	  477   478     26    17
	  477   503     51    18
	  477   504     43    12
	  478   477     40    17
	  478   479     39     6
	  478   633     88     5
	  478   703     14     2
	  479   478     91    10
	  479   480     60     8
	  479   629     90    11
	  479   693     13     1
	  480   479     48     2
	  480   481     40    12
	  480   483     51    12
	  480   484     30    14
	  480   486     99     8
	  481   480     29     7
	  481   482     95     2
	  481   483     17     9
	  481   691      6     8
	  482   481     38    14
	  483   480     57     8
	  483   481     86    12
	  483   539     46    20
	  483   693     35     5
	  484   480     60    11
	  484   485    105     9
	  484   627     30     1
	  484   629     20    12
	  485   484     23     5
	  485   489     36    18
	  485   626     42     8
	  485   628     67    14
	  486   480     71    10
	  486   535     74    16
	  486   627      6    19
	  486   691     60     6
	  487   488    127     9
	  487   535     92     8
	  487   681     17    13
	  487   682     74    19
	  488   405     23    20
	  488   487     58     7
	  488   680     44    10
	  488   682     48    12
	  489   485     80    12
	  489   490      8     9
	  489   630     72    10
	  489   631     75     5
	  490   489     44    18
	  490   491     73     9
	  490   557     14    18
	  490   631     69     5
	  491   490     57    20
	  491   492     52    10
	  491   558     99     1
	  491   559     17    10
	  492   491     45    10
	  492   493     27     1
	  492   561     29    14
	  492   562     64    15
	  493   492     70    19
	  493   494     93    13
	  493   497     31     8
	  493   562     30    20
	  493   564     38     1
	  494   493     29     7
	  494   495     82    17
	  494   561     22     9
	  494   563     18     6
	  495   494     91     1
	  495   496     88    20
	  495   551     18    18
	  495   560     49     7
	  496   436    103     1
	  496   495     62     9
	  496   553     71    11
	  496   556     95    10
	  497   493     31    10
	  497   498     97    15
	  498   497     15    19
	  498   499     97    18
	  498   533     11    13
	  499   498     76    15
	  499   500     54     9
	  499   567     58     2
	  499   569     76    15
	  500   499     63    19
	  500   501    110    11
	  500   566     98     7
	  500   570     87     4
	  501   500     59    17
	  501   502     53    17
	  501   571     51    16
	  501   636     89     5
	  502   501     90     8
	  502   503     84     8
	  502   632      8     3
	  502   634     54    16
	  503   477     98    17
	  503   502     21    20
	  503   504     46    17
	  503   633     83     8
	  504   477     35    17
	  504   503     87    15
	  504   505     76     8
	  504   635     89     5
	  505   504     14     5
	  505   506     71    17
	  505   634     20    14
	  505   639     11    20
	  506   505     79     7
	  506   507     14     3
	  506   639     14     4
	  506   644     55     1
	  507   506     63    12
	  507   508     65    17
	  507   578     28     7
	  507   646     26     2
	  508   450     59    19
	  508   507     23     6
	  508   509     14     5
	  509   508     55    16
	  509   510     72     2
	  509   659     57    12
	  509   667     93    12
	  510   509     47     2
	  510   511     41    20
	  510   658     97    14
	  510   666     97    17
	  511   510     36     8
	  511   512     15    13
	  511   521     40     5
	  511   522     19    15
	  512   511     63     2
	  512   513     24    20
	  512   661     90     2
	  512   670     31     6
	  513   512     33    16
	  513   514     62    11
	  513   902     44    12
	  513   905     36     7
	  514   513     41    17
	  514   515     53     6
	  514   903     45    10
	  514   905     88    18
	  515   514     17    17
	  515   516     31    18
	  515   534     17     4
	  515   544     35    10
	  515   932     61    17
	  516   515     35     9
	  516   517     80     6
	  516   903     72     4
	  516   906      7     3
	  517   516     96    18
	  517   518     75     7
	  517   908    107    16
	  517   909     34     9
	  518   517     56    12
	  518   911     41     4
	  518   912     65    16
	  518   930     67     4
	  519   520     73     9
	  519   521     80    10
	  519   668      9    17
	  519   670     92    20
	  520   519     67     3
	  521   511     33     3
	  521   519     26    15
	  521   666     29    13
	  521   670     72     6
	  522   511     54     2
	  522   523     62    10
	  523   522     22     3
	  523   530     92     3
	  523   545     51     7
	  524   525     31    12
	  524   545     93     1
	  524   578     60     2
	  524   647     62     1
	  525   452    108     9
	  525   524     90     3
	  525   652      6     7
	  525   657     20     4
	  526   527     90    17
	  526   528    130    16
	  526   541     78    10
	  526   546     34     4
	  527   526     26     4
	  527   542     31     1
	  527   543     70     7
	  527   546     87    19
	  528   526     90    16
	  528   529     43     7
	  528   573    113    20
	  528   575     97    13
	  529   528     35     6
	  529   530     31     2
	  529   531     25     7
	  530   523     53     1
	  530   529     53    15
	  530   575     92     4
	  530   577      8     2
	  531   529     12    16
	  531   532     11     6
	  531   573     95     4
	  531   574     55    14
	  532   531     38    17
	  532   533     85    16
	  532   569     15    15
	  532   574     95    10
	  533   498     80     4
	  533   532     98     9
	  533   568     93    16
	  533   569     52    19
	  534   515     88    17
	  534   543    119    11
	  534   933     27     8
	  535   438     22    20
	  535   486     12     6
	  535   487     51     8
	  536   438     84     7
	  536   537     91     4
	  536   615     41     4
	  537   399     24    13
	  537   536     55    15
	  537   608     33     8
	  537   610     54    19
	  538   409     78    16
	  538   474     53    14
	  538   699      5    11
	  538   704     28    10
	  539   409     42    17
	  539   483      5     4
	  539   694     36     5
	  539   704     49     2
	  540   438     92    19
	  540   583     86    10
	  540   622     82    11
	  541   526     77    15
	  541   582     94     5
	  541   902     77    20
	  542   527     11    10
	  542   902     92     5
	  542   903     67    15
	  543   527     56     9
	  543   534     80     2
	  543   903     53    17
	  544   515     78    16
	  544   903     94     1
	  544   904     63     2
	  545   523     26    16
	  545   524     75    19
	  545   577     51    17
	  545   580     63    11
	  546   526     94    12
	  546   527     98    11
	  547     1     88    18
	  547   548     48     2
	  547   549     73    18
	  547   621     42    11
	  548     2     45     4
	  548   547     99    20
	  548   550     79    19
	  548   552     45     7
	  548   618     30    16
	  549     3     25    12
	  549   547     37     5
	  549   550     13     6
	  549   551      7     2
	  550     4     12    11
	  550   548      7    10
	  550   549     76     1
	  550   551     18     1
	  550   552     94     6
	  550   553     44     7
	  550   560     69     1
	  551     5     71     7
	  551   495     89    15
	  551   549     62    16
	  551   550     62     8
	  551   563     49     8
	  552     6     66     3
	  552   435    105    18
	  552   548     92     4
	  552   550     26    13
	  552   553     31     9
	  552   618     87     6
	  552   619     15    10
	  553     7     72     2
	  553   496     57     4
	  553   550     49    12
	  553   552     17     5
	  553   560     54     3
	  554     8     28    10
	  554   435     55    11
	  554   437     76    10
	  554   614     46     2
	  554   619     84     8
	  554   622     85    15
	  554   625     48     3
	  555     9     91    18
	  555   556     87    16
	  555   622     22    16
	  555   624      7    18
	  555   625     79     2
	  556    10     58    14
	  556   437     75    18
	  556   496     50     8
	  556   555     47     9
	  556   557     16     6
	  556   560     10     7
	  556   624     91    16
	  557    11     75     8
	  557   490     42     5
	  557   556     80    12
	  557   558     96    13
	  557   559     69     5
	  557   624     67    17
	  557   630     11     2
	  558    12     38    19
	  558   491     21    12
	  558   557     52     6
	  558   560     50     3
	  558   561     71     6
	  559    13     73    15
	  559   491     97     6
	  559   557     44    16
	  559   562     19     8
	  559   566     82    13
	  559   631     29    10
	  560    14     59     3
	  560   495     70    10
	  560   550     14     6
	  560   553     76    18
	  560   556     72    20
	  560   558     88     7
	  560   561     34    11
	  561    15     41     9
	  561   492     35     6
	  561   494     76    11
	  561   558     49     6
	  561   560     40     5
	  562    16     64     7
	  562   492     24     6
	  562   493     75     1
	  562   559     44    18
	  562   563     21    18
	  562   567     41     5
	  563    17      8     6
	  563   494     24    11
	  563   551     74     3
	  563   562     25    10
	  563   564     72    16
	  564    18     21    18
	  564   493     88    15
	  564   563     57     3
	  564   565     19     3
	  565    19     29     2
	  565   564     56    10
	  565   568     93     7
	  565   569     54    12
	  566    20     15    12
	  566   500     63     8
	  566   559     60     9
	  566   567     87     1
	  566   631     33     7
	  567    21     48     7
	  567   499     18     4
	  567   562     69     8
	  567   566     75    12
	  568    22     90    14
	  568   533     18    13
	  568   565     13     8
	  568   574     51    12
	  569    23     35    10
	  569   499    171     8
	  569   532     88     1
	  569   533     51     7
	  569   565     21    13
	  569   570     88     7
	  569   572     67    18
	  569   573     90     7
	  570    24     10     8
	  570   500     36     5
	  570   569     11     4
	  570   571     90     2
	  570   572     73     7
	  571    25     25    18
	  571   501     20    16
	  571   570     29     9
	  571   572     15     4
	  571   631     69    19
	  571   632     37    12
	  571   634     74    12
	  571   637     29     7
	  572    26     24     5
	  572   569     99    10
	  572   570     69    13
	  572   571     34     8
	  572   573     68    17
	  572   576     41    16
	  572   637     21    13
	  573    27     78     2
	  573   528     49    16
	  573   531     68     5
	  573   569     13    11
	  573   572     29     3
	  573   577     56     5
	  574    28     56    18
	  574   531     45    15
	  574   532     41     3
	  574   568     21     7
	  574   575     32    14
	  575    29     47    10
	  575   528     52    11
	  575   530     39    17
	  575   574     37     4
	  575   580     23    10
	  575   581     56     7
	  576    30     52    19
	  576   572     47    18
	  576   577     67    10
	  576   578     18    17
	  576   637     76     9
	  576   643     38     1
	  577    31     42    15
	  577   530    107    13
	  577   545     37    11
	  577   573      8    19
	  577   576     27    12
	  577   578     97    19
	  578    32     45     6
	  578   507     43     5
	  578   524     72    20
	  578   576     86     1
	  578   577      8     1
	  578   579     81     3
	  578   580     13     4
	  578   643     56    17
	  578   645     34    20
	  579    33     50    10
	  579   578     93    12
	  579   580     56    18
	  579   582     78     3
	  579   647     40     1
	  579   656     95    20
	  580    34     14    12
	  580   545     69    16
	  580   575     19     9
	  580   578     65    18
	  580   579     22    14
	  580   581     54     6
	  580   582     29    19
	  581    35     35     2
	  581   575     31     7
	  581   580     62    12
	  581   582     70    16
	  582    36     20    11
	  582   541     91    14
	  582   579     73    14
	  582   580     39     3
	  582   581     85    12
	  582   660     18    20
	  583    37     78    19
	  583   540     58     4
	  584    38     97    20
	  584   394     78    11
	  584   395     36     6
	  584   586     10     3
	  584   588     35     7
	  584   605     67    17
	  584   710     55     5
	  584   712    113    18
	  584   768     16    14
	  584   808     33     7
	  585    39     60    11
	  585   401     11     5
	  585   586     42    10
	  585   587     29     6
	  585   771     21    14
	  586    40      5    19
	  586   584     43    12
	  586   585     70    11
	  586   588     70    18
	  586   772     74    13
	  587    41     93     9
	  587   400     84     9
	  587   585     41     9
	  587   588     14    20
	  587   592     72     2
	  587   604     14    14
	  588    42     45    14
	  588   397     58     5
	  588   584     25     5
	  588   586     23    12
	  588   587     13    20
	  589    43     22     5
	  589   590     94    14
	  589   591     44     5
	  589   594     24    19
	  589   775     29    20
	  590    44      6    13
	  590   401     74     3
	  590   589     49    10
	  590   592     17    18
	  590   776      5     2
	  591    45      6    20
	  591   441     20     3
	  591   589     39     3
	  591   592     30    17
	  591   608     36    16
	  591   613     36     2
	  592    46     66     8
	  592   587     99    18
	  592   590     58    11
	  592   591     37    13
	  592   608     92     7
	  592   609     42    19
	  593    47     73    13
	  593   429     98     6
	  593   431     14    12
	  593   594     82     6
	  593   595     52    11
	  594    48     64     8
	  594   427     99    11
	  594   589     59     2
	  594   593     69     8
	  594   596     18     7
	  595    49     53     7
	  595   432     13     4
	  595   593     37    17
	  595   596     74     6
	  595   612     15    17
	  595   617      9    20
	  596    50     23     7
	  596   441     24     6
	  596   594      9    13
	  596   595     24    18
	  596   612     40     8
	  596   613     40    15
	  597    51     47     7
	  597   431     68    15
	  597   599    113     8
	  597   778     10    14
	  598    52     67    13
	  598   599     27    18
	  598   616     42    18
	  598   620     57    11
	  599    53     64     8
	  599   432     15    10
	  599   597     55    16
	  599   598     81    11
	  599   616     89     8
	  599   617     91     6
	  600    54     32    19
	  600   395     89    10
	  600   601     48    19
	  600   602    103    18
	  600   605      7    16
	  601    55     96     5
	  601   394      7    13
	  601   600     41    12
	  601   603     68     2
	  601   716     14     1
	  602    56     41     3
	  602   600     83     1
	  602   603     33     7
	  602   607     42     7
	  602   671      5    18
	  603    57     65     6
	  603   601     77     2
	  603   602     47    16
	  603   672     34     1
	  603   718     92     9
	  604    58     49    10
	  604   397     96     5
	  604   399     68    19
	  604   587     86    19
	  604   605     53    15
	  604   606     29     6
	  605    59     96     9
	  605   584      6     2
	  605   600     92    17
	  605   604     82     8
	  605   607     92    19
	  606    60     24     7
	  606   403     71    17
	  606   604     40     9
	  606   607     20    16
	  606   675     71     4
	  607    61     34     5
	  607   602     19     8
	  607   605      8     7
	  607   606     97    18
	  607   676     54     9
	  608    62     44    10
	  608   537     77    18
	  608   591     57    15
	  608   592     81     8
	  608   609     77     8
	  608   613     19    12
	  609    63     55     9
	  609   399     21     3
	  609   400     48    12
	  609   592     94    10
	  609   608     65     4
	  609   611     45     8
	  610    64     62     8
	  610   537     51     3
	  610   611     90    14
	  610   615     84     5
	  610   679     44     3
	  611    65     91    15
	  611   403     76     1
	  611   609     27     2
	  611   610     81     5
	  611   680     95    19
	  612    66     90    18
	  612   440     18    13
	  612   595     12    14
	  612   596     61    13
	  612   614     44    17
	  612   617     27     2
	  613    67     61    19
	  613   440     38    15
	  613   591     47     2
	  613   596      5    20
	  613   608     16    12
	  613   615     99     8
	  614    68     78     8
	  614   439     88    11
	  614   554     16    19
	  614   612     34     8
	  614   619    130    14
	  614   622     59     3
	  615    69     28     9
	  615   439     70     9
	  615   536     96    10
	  615   610     82    16
	  615   613     49    11
	  615   622     87    16
	  616    70     63    13
	  616   433     58     5
	  616   598     75    10
	  616   599     39     5
	  616   618     77     6
	  616   620     53     7
	  617    71     31     4
	  617   433     68    15
	  617   595     67    19
	  617   599     39     9
	  617   612     26     7
	  617   619     11    16
	  618    72     58     2
	  618   434     83    18
	  618   548     45     2
	  618   552      5     3
	  618   616     80     9
	  618   621     56     5
	  619    73     97     2
	  619   434     56    16
	  619   552     44    16
	  619   554     13     1
	  619   614     85    16
	  619   617     46     1
	  620    74     67     3
	  620   598     10     4
	  620   616     19     9
	  620   621     61     4
	  621    75     84    12
	  621   547     31    12
	  621   618     48    19
	  621   620     48     4
	  622    76     81     8
	  622   540     20     1
	  622   554     82    20
	  622   555     56    14
	  622   614     69     7
	  622   615     14     3
	  622   623     24     8
	  622   625     36     5
	  623    77     45    12
	  623   622     66     7
	  623   624     39    12
	  623   627     98     5
	  623   681     22     4
	  624    78     79     5
	  624   555     95     8
	  624   556     95     4
	  624   557    140    10
	  624   623     92     9
	  624   626     51    12
	  625    79     69    17
	  625   554      5     1
	  625   555     33     7
	  625   622     15    17
	  626    80     65     3
	  626   485     38     2
	  626   624     27    17
	  626   627     26    19
	  626   630     22     5
	  627    81     50    20
	  627   484     66    17
	  627   486     65    20
	  627   623     29     8
	  627   626     81    17
	  628    82     48    20
	  628   485     80    13
	  628   629     47    15
	  628   631     67     2
	  628   632     96    12
	  629    83     75    20
	  629   479     94     5
	  629   484     38    18
	  629   628     21     3
	  629   633     89    10
	  630    84     53    13
	  630   489     86     8
	  630   557     84     9
	  630   626     48    17
	  631    85     16     9
	  631   489     74     9
	  631   490     91     8
	  631   559     80     5
	  631   566    115    10
	  631   571     24     6
	  631   628     90    13
	  631   636     36     4
	  632    86     57     7
	  632   502     15     1
	  632   571     54    14
	  632   628     71    12
	  632   633     57     1
	  632   636     50    11
	  633    87     34    11
	  633   478     81    20
	  633   503     91    19
	  633   629     74    10
	  633   632     61    12
	  634    88     38    14
	  634   502     28     4
	  634   505     57    15
	  634   571     14     5
	  634   635     19    20
	  634   637     88     5
	  635    89     21    19
	  635   504      8     1
	  635   634     38    17
	  635   640      7    18
	  635   705     84     9
	  636    90     78     5
	  636   501     18     6
	  636   631     58    10
	  636   632     69     4
	  637    91     90    10
	  637   571     30    19
	  637   572     88     1
	  637   576     81     2
	  637   634     58    14
	  637   644     42    20
	  638    92     88    15
	  638   640     13     8
	  638   642     10     3
	  638   707     45     7
	  638   815     25    10
	  638   825     39     5
	  638   826     27     6
	  639    93     16    20
	  639   505     13    15
	  639   506     80     9
	  639   640     47     5
	  639   641     33    10
	  640    94     38     3
	  640   635     76     1
	  640   638     47     1
	  640   639     23     7
	  640   642     72    20
	  641    95     47     2
	  641   639     56    16
	  641   642     71    17
	  641   646     32    10
	  641   648     34    12
	  642    96     82     3
	  642   638     85    11
	  642   640     98     8
	  642   641     72     4
	  642   649     12     1
	  643    97     83     8
	  643   576     50    18
	  643   578     66    15
	  643   644     29    19
	  644    98     38    12
	  644   506     78    14
	  644   637     24     1
	  644   643     76    18
	  644   646     91     3
	  645    99     59     6
	  645   578     98     3
	  645   646      5    14
	  645   647     64    12
	  645   652     78     3
	  646   100     47    19
	  646   507     93     1
	  646   641     13    17
	  646   644     95    19
	  646   645     40     1
	  646   653     31     4
	  647   101     64    18
	  647   524     80     2
	  647   579     82    11
	  647   645     35     7
	  647   657     12     4
	  648   102     13    14
	  648   641     14     1
	  648   649     89     6
	  648   650     18     1
	  648   653     79     4
	  649   103     94     7
	  649   642     86     1
	  649   648     29     1
	  649   651     60    13
	  649   825      5    19
	  650   104     60     4
	  650   453     31     6
	  650   648     25    20
	  650   651     36     1
	  650   655     22    20
	  651   105     76    17
	  651   649     34    15
	  651   650     36    13
	  651   827     37     8
	  651   842      9    17
	  652   106     61    11
	  652   452     30     8
	  652   525     15     6
	  652   645     53     2
	  652   653     63    20
	  653   107     41     1
	  653   646     17    11
	  653   648     43    14
	  653   652     21    11
	  653   655     77    17
	  654   108     47     9
	  654   451     26    16
	  654   452     54    17
	  654   659     33    14
	  654   662     30    17
	  655   109     33    13
	  655   451     27    12
	  655   650     16     9
	  655   653     55     5
	  655   663     82     4
	  656   110     14    19
	  656   579     15     9
	  656   657     10     9
	  656   658     31    10
	  656   660     43     9
	  657   111     25    20
	  657   525     99     6
	  657   647     69    16
	  657   656     49     5
	  657   659     36    13
	  658   112     73     4
	  658   510     93    15
	  658   656     62    12
	  658   659    121     9
	  658   661     46     8
	  659   113     22     4
	  659   509     22     9
	  659   654     80    19
	  659   657     57    17
	  659   658     35    11
	  660   114     99    15
	  660   582     99    17
	  660   656     56     7
	  660   661     50     4
	  660   902     29     2
	  661   115     81    15
	  661   512     79    16
	  661   658     52    14
	  661   660     90     3
	  661   902     31    20
	  662   116     31    17
	  662   449     96     1
	  662   654     38     8
	  662   664     37    18
	  662   667     27     3
	  663   117     76     9
	  663   449     57    17
	  663   655     26     8
	  663   665     45     4
	  663   841     88     1
	  664   118     54     1
	  664   448     15    19
	  664   662     81     8
	  664   669     13    12
	  664   849     94     8
	  665   119     28    15
	  665   448     30    15
	  665   663     13    16
	  665   843     82     5
	  665   849     82     3
	  666   120     40    19
	  666   510     81    20
	  666   521     78    11
	  666   667     91     5
	  666   668     31    15
	  667   121      5    13
	  667   509     70    19
	  667   662    168    10
	  667   666     49    18
	  667   669     57    13
	  668   122     30     1
	  668   519     75    14
	  668   666     53     5
	  668   669     63     1
	  668   850     41     3
	  669   123     75     7
	  669   664     79     1
	  669   667     58    12
	  669   668     93    15
	  669   851     79    16
	  670   124     47     4
	  670   512     44     7
	  670   519     90    14
	  670   521     51     3
	  670   854     53    18
	  670   902     81     1
	  670   905     51    18
	  671   125     78     5
	  671   602     86     9
	  671   672     30     2
	  671   673     66    19
	  671   676     26     7
	  672   126      8    13
	  672   603     33    10
	  672   671     14     3
	  672   674     32     7
	  672   722     30    14
	  673   127     79    13
	  673   671     34     8
	  673   674     74    11
	  673   678     60     5
	  673   683     57     1
	  674   128     47    16
	  674   672     81     9
	  674   673     20     1
	  674   684     51    11
	  674   724     53     8
	  675   129     52     1
	  675   404      7     2
	  675   606     46    14
	  675   676     28     8
	  675   677     49     5
	  676   130     86    20
	  676   607     15     1
	  676   671     69     8
	  676   675     36     9
	  676   678     91    14
	  677   131     18    17
	  677   406     11     5
	  677   675     74    14
	  677   678    107    10
	  677   687     64     4
	  678   132     92    12
	  678   673     47    15
	  678   676     90     5
	  678   677      7    14
	  678   688    230    13
	  679   133     20    10
	  679   610     78     6
	  679   680      5     1
	  679   681     87    12
	  680   134     14     2
	  680   404     54     1
	  680   488     34    19
	  680   611     88     2
	  680   679     70    13
	  681   135     77     9
	  681   487     57     9
	  681   623     19     5
	  681   679     79    10
	  681   691     80     2
	  682   136     42    12
	  682   406     25     7
	  682   487     63    13
	  682   488     53     4
	  682   692     90     6
	  683   137     94     2
	  683   673     41    17
	  683   684      5    14
	  683   685      6     6
	  683   688     13    10
	  684   138     40    15
	  684   674     62     1
	  684   683      5    13
	  684   728     82     9
	  685   139     49     5
	  685   411      7     6
	  685   683     53     2
	  685   686     77    14
	  685   690     81     3
	  686   140     51    14
	  686   685     52    17
	  686   730     85     4
	  687   141     97     6
	  687   407     78    16
	  687   677    127    18
	  687   688     64    18
	  687   689     55     4
	  688   142     12     6
	  688   678     78     2
	  688   683     35     6
	  688   687     88    20
	  688   690    159     5
	  689   143     55     4
	  689   408     48    12
	  689   687     66     8
	  689   690     42     9
	  689   699     43     5
	  690   144      7    17
	  690   410    110    14
	  690   685     41    11
	  690   688     15    18
	  690   689     78     8
	  691   145     98    11
	  691   481     13    11
	  691   486     57    17
	  691   681     48     8
	  691   692     44     8
	  692   146      8    10
	  692   407     10    13
	  692   682     88     3
	  692   691     51    15
	  692   694     54    10
	  693   147     73    18
	  693   479     48    20
	  693   483     32     5
	  693   694     44    15
	  693   703     13     9
	  694   148     82     8
	  694   408     51    13
	  694   539     83     2
	  694   692     14    13
	  694   693     36    12
	  695   149     99     6
	  695   411     62    16
	  695   696     80    15
	  695   697     62     5
	  695   700     99    16
	  696   150     20    20
	  696   695     62     1
	  696   698     39     9
	  696   734     56    10
	  697   151     69    19
	  697   695     14     9
	  697   698     51    12
	  697   702     77     1
	  697   809     63     5
	  698   152     91    19
	  698   696     88     8
	  698   697     66     6
	  698   736     93    12
	  698   810     73    10
	  699   153     14    20
	  699   538     47    13
	  699   689     44     8
	  699   700     55    11
	  699   701     71    17
	  700   154     80     2
	  700   410     60    19
	  700   695     51     4
	  700   699     28     6
	  700   702     43    20
	  701   155     60     9
	  701   474     60    17
	  701   699     40     5
	  701   702     22    16
	  701   813     37     4
	  702   156     97     1
	  702   697     19     4
	  702   700     93     3
	  702   701     59     2
	  702   814     53     4
	  703   157      5     4
	  703   478     56    20
	  703   693     62    12
	  703   704     48     7
	  703   705      6    20
	  704   158     25     8
	  704   538     40     6
	  704   539     86    19
	  704   703     84    13
	  704   706     33     9
	  705   159     57     9
	  705   476     90     4
	  705   635     73     1
	  705   703    101     8
	  705   706     48    14
	  706   160     44     9
	  706   474     90     1
	  706   475      5     4
	  706   704     87     4
	  706   705     96     7
	  707   161     44     3
	  707   473     48    12
	  707   475     53    15
	  707   476     76    19
	  707   638     62    20
	  708   162     85    18
	  708   388     73    20
	  708   709     76     3
	  708   714     34    20
	  708   913     43    13
	  709   163     26    18
	  709   391     33    15
	  709   708     54    12
	  709   711     83    10
	  709   713     75     2
	  709   803     55     3
	  710   164      6    17
	  710   584     15    19
	  710   712     39    13
	  710   806     82     2
	  711   165     40    19
	  711   709    108    13
	  711   713     72     5
	  711   807     13    11
	  712   166     84    20
	  712   393     15    11
	  712   584     50    19
	  712   710     57    13
	  712   713     12     6
	  713   167     37    14
	  713   392     53    11
	  713   709     51     9
	  713   711     77     6
	  713   712      7     5
	  713   716     24    19
	  714   168     37    17
	  714   708     84     3
	  714   715     93    10
	  714   720     13    11
	  714   913     51    14
	  715   169     23     2
	  715   391     35     8
	  715   714     45     1
	  715   717     72     5
	  715   719     15    17
	  715   721     17    14
	  716   170     24    19
	  716   393     26    14
	  716   601     27    12
	  716   713     58    12
	  716   717     90     7
	  716   718     60     2
	  717   171     46     4
	  717   392     94     3
	  717   715     68    12
	  717   716     30    16
	  717   719     95     5
	  718   172     17     2
	  718   603     79     8
	  718   716    130    11
	  718   719     45    15
	  718   722     33    18
	  719   173     26    11
	  719   715     19    12
	  719   717     32    14
	  719   718     45     9
	  719   723     53    20
	  720   174     13    16
	  720   714     35    19
	  720   721     60    10
	  720   726     24     2
	  720   913     53    20
	  721   175     87    18
	  721   715     62    14
	  721   720     25    17
	  721   723     97     6
	  721   725     74     7
	  721   727     45    15
	  722   176      8    11
	  722   672     94    18
	  722   718     95     6
	  722   723     93    17
	  722   724     54    11
	  723   177     42    10
	  723   719     50    20
	  723   721     19    14
	  723   722     67    17
	  723   725     17     4
	  724   178     30     7
	  724   674     47     4
	  724   722     90    14
	  724   725     67    13
	  724   728     72    13
	  725   179     13     4
	  725   721     81     5
	  725   723     96     6
	  725   724     50     5
	  725   729     30     4
	  726   180      9    14
	  726   416     81    15
	  726   720     82     6
	  726   727     26     7
	  726   913     34     6
	  727   181     69    15
	  727   415     83    20
	  727   721     52     2
	  727   726     77    20
	  727   729     57     6
	  727   731     92    17
	  728   182     63    11
	  728   684     51    15
	  728   724     87     2
	  728   729     57    19
	  728   730     13     5
	  729   183     29     3
	  729   725     99    10
	  729   727     20    10
	  729   728     89    19
	  729   731     50    14
	  730   184     42    16
	  730   413     33    14
	  730   686     99    19
	  730   728      6     8
	  730   731      5     6
	  731   185     12    15
	  731   414     79     4
	  731   727     93     4
	  731   729     54    11
	  731   730      9     8
	  732   186     94     9
	  732   416     35     5
	  732   417     86     5
	  732   733     20    15
	  732   864     62    10
	  733   187     52    19
	  733   415     98     6
	  733   732     14    12
	  733   735     13    18
	  733   737     64     3
	  733   865      6     8
	  734   188     71    20
	  734   413     99    17
	  734   696     85     1
	  734   735     25    19
	  734   736      5    13
	  735   189     12     4
	  735   414     25    20
	  735   733     17     2
	  735   734     96     2
	  735   737     34    13
	  736   190     51     9
	  736   698     29    16
	  736   734     33     4
	  736   737     52    16
	  736   866     26    13
	  737   191     40    10
	  737   733     31    20
	  737   735     16     8
	  737   736     89    20
	  737   866     33    19
	  738   192     10    16
	  738   740     22    16
	  738   742     16     3
	  738   746     26     2
	  738   784     79     5
	  738   920     61    13
	  739   193     24     7
	  739   419     88     8
	  739   740     66    10
	  739   741     72     9
	  739   921    122     7
	  740   194     34     2
	  740   738     72    17
	  740   739     71     8
	  740   742     55    12
	  740   920     69     1
	  741   195     75    11
	  741   739     72    11
	  741   742     81    14
	  741   743     71     4
	  741   747    104    16
	  742   196     32     2
	  742   738     92    11
	  742   740     31    11
	  742   741     76    10
	  742   748     50    16
	  743   197     63    20
	  743   419      7     9
	  743   741     26     3
	  743   744     49    11
	  743   745     32    19
	  743   751     32    11
	  743   752     66     6
	  743   921     44     1
	  743   922     50    12
	  744   198     42     2
	  744   743      5    13
	  744   745     69    19
	  744   922     30     2
	  745   199     66    14
	  745   743     42    19
	  745   744     28     8
	  745   755     95     7
	  746   200     11     8
	  746   738     80    15
	  746   748     47    18
	  746   750     75     8
	  746   757     56    17
	  746   792     16     1
	  747   201     56     2
	  747   741     24    13
	  747   748     14    16
	  747   749     80    15
	  747   752     13     3
	  748   202     40     6
	  748   742     56     4
	  748   746     21    10
	  748   747     95    17
	  748   750     78     4
	  749   203     42    13
	  749   747     45    19
	  749   750     83     2
	  749   754     66     3
	  749   758     11    16
	  750   204     24    14
	  750   746     16     6
	  750   748     49     9
	  750   749     24    18
	  750   759     88     4
	  751   205     71    10
	  751   420     82    12
	  751   743     17    15
	  751   753     80    18
	  751   755     77    18
	  752   206     23     2
	  752   420     57     4
	  752   743     22     8
	  752   747     93     1
	  752   754      9     1
	  753   207     30     8
	  753   421     46    14
	  753   751     25    13
	  753   756     40    15
	  753   762     26     1
	  754   208     34     7
	  754   421     72    12
	  754   749     74     4
	  754   752     47    17
	  754   763     68     8
	  755   209     29     8
	  755   745     84     1
	  755   751     13     6
	  755   756      9     1
	  756   210     48    15
	  756   753     16    13
	  756   755     28    15
	  756   766     56    20
	  757   211     60     1
	  757   746     44    12
	  757   759     34    16
	  757   761     29    11
	  757   768     26    15
	  757   800     84     2
	  758   212      9    20
	  758   749     96     5
	  758   759     64    15
	  758   760     58     3
	  758   763     18    12
	  759   213     54    15
	  759   750     59     3
	  759   757     40    11
	  759   758     95     1
	  759   761     80     7
	  760   214     75     5
	  760   758     21     1
	  760   761     11     6
	  760   765     45    16
	  760   769     87    16
	  761   215     53    14
	  761   757     13    15
	  761   759     14     3
	  761   760     34    14
	  761   770     18    12
	  762   216     18    16
	  762   422     74     8
	  762   753     29     4
	  762   763     39    10
	  762   764     31    19
	  763   217     82     4
	  763   754     75     1
	  763   758     57    14
	  763   762     11     6
	  763   765     97     8
	  764   218     99     7
	  764   423     12     5
	  764   762     90    12
	  764   765     60     1
	  764   773     65     8
	  765   219      5     3
	  765   760     12    16
	  765   763     38     2
	  765   764     37    13
	  765   774      7     8
	  766   220     96     1
	  766   422     13     9
	  766   756     27     8
	  766   767      7     6
	  767   221     50     4
	  767   423     12     3
	  767   766     52    19
	  767   777     58    10
	  768   222     17    18
	  768   584     79     4
	  768   757     71     1
	  768   770     28    13
	  768   772     53     3
	  768   808     95    16
	  769   223     59    14
	  769   760     79     1
	  769   770     77    19
	  769   771     34     6
	  769   774     37     7
	  770   224     80    17
	  770   761     31    13
	  770   768     33    13
	  770   769     87     1
	  770   772     18     4
	  771   225     85    14
	  771   585     49     8
	  771   769     15    18
	  771   772    124     1
	  771   776     66     2
	  772   226     48     2
	  772   586    121     8
	  772   768     62     2
	  772   770     53    10
	  772   771     13     7
	  773   227     62     7
	  773   424     98     5
	  773   764     66     1
	  773   774     11    17
	  773   775     56    14
	  774   228     26    10
	  774   765     85    20
	  774   769     24     6
	  774   773     46    14
	  774   776     39     2
	  775   229     16     1
	  775   425      5     7
	  775   589     15     2
	  775   773     89    12
	  775   776     34     5
	  776   230     44    20
	  776   590     66     8
	  776   771     73    17
	  776   774     72    13
	  776   775     54     8
	  777   231     71    13
	  777   424     55    18
	  777   767     98     8
	  777   778     79    10
	  777   779     47    10
	  778   232     64     9
	  778   429     27    12
	  778   597     36    17
	  778   777     24    10
	  778   779     75     1
	  779   233     44    15
	  779   425     78     8
	  779   427     73    18
	  779   777     53    15
	  779   778     88     4
	  780   234     26    11
	  780   781     71     5
	  780   785     70     3
	  780   914     45     9
	  780   916     14    18
	  781   235      6     4
	  781   780     56     9
	  781   782     14    17
	  781   786     16    17
	  781   917     42    12
	  782   236     40     1
	  782   781     56    17
	  782   783      9    19
	  782   787     93    17
	  782   917     25     1
	  782   918     55    19
	  783   237     62     9
	  783   782     75    18
	  783   784     70     6
	  783   788     38    11
	  783   789     20    19
	  783   918     15    14
	  783   919     68     2
	  784   238     51     7
	  784   738     31    15
	  784   783     32    14
	  784   792     88     1
	  784   919      9     2
	  785   239      5    11
	  785   780     38     7
	  785   786     85     5
	  785   793     23    14
	  785   914      6    11
	  786   240     55    19
	  786   781     63     2
	  786   785     15     1
	  786   787     56     2
	  786   794     16     2
	  787   241     24     9
	  787   782     65    10
	  787   786     51    14
	  787   789     56     9
	  787   791     18     6
	  787   795     55    12
	  788   242     47    17
	  788   783     38    18
	  788   789     19    10
	  788   790      6    18
	  788   792     11     7
	  789   243     55     7
	  789   783     39     8
	  789   787     26     5
	  789   788     62    12
	  789   791     94     1
	  790   244     69    11
	  790   788     85     6
	  790   791     90    14
	  790   792     54    11
	  790   796     89    19
	  791   245     23     5
	  791   787     87    10
	  791   789     75    15
	  791   790     41    10
	  791   797     88    12
	  792   246     27    13
	  792   746     96    11
	  792   784     95    12
	  792   788     76     6
	  792   790      9     4
	  792   800     16    20
	  793   247     38    16
	  793   785     55    17
	  793   794     68    20
	  793   801     51    13
	  793   914      7     1
	  794   248     15    17
	  794   786     84     3
	  794   793     47     2
	  794   795     16    14
	  794   802     90     9
	  795   249     60     9
	  795   787     50    13
	  795   794     13    14
	  795   797     19    12
	  795   799     41    13
	  795   803     75    16
	  796   250      5    18
	  796   790     59     6
	  796   797     29    19
	  796   798     86     8
	  796   800     77     2
	  797   251     14     8
	  797   791     58    15
	  797   795     15    11
	  797   796     94    19
	  797   799     81     7
	  798   252     11    13
	  798   796     90     3
	  798   799     54     5
	  798   800     15    17
	  798   804     98    14
	  799   253     87    12
	  799   795     63     5
	  799   797     66    14
	  799   798     38    16
	  799   805     65     5
	  800   254     73    10
	  800   757     19    18
	  800   792     70     7
	  800   796     96    15
	  800   798      7     7
	  800   808     27     7
	  801   255     28     7
	  801   389     15    12
	  801   793     38    10
	  801   802     64    19
	  801   913     82     7
	  802   256     38    19
	  802   388     23     4
	  802   794      9    17
	  802   801     22     7
	  802   803     92    18
	  803   257     15     4
	  803   709     75     1
	  803   795      7     8
	  803   802      9    15
	  803   805     53    19
	  803   807     10    13
	  804   258     91    17
	  804   798      7     3
	  804   805     21     9
	  804   806     90    10
	  804   808     86     6
	  805   259     76    13
	  805   799     53     3
	  805   803     24     2
	  805   804     41    10
	  805   807     27     4
	  806   260     36    19
	  806   710      8     8
	  806   804      5    18
	  806   807     38    17
	  806   808     27     6
	  807   261     29    16
	  807   711     45     8
	  807   803     61    15
	  807   805     85    14
	  807   806     28     7
	  808   262     91    14
	  808   584      6    10
	  808   768     32     3
	  808   800     13    20
	  808   804     93     7
	  808   806     42    19
	  809   263     81    12
	  809   697     93     6
	  809   810     43    13
	  809   811     34    10
	  809   814     98    10
	  810   264     35     1
	  810   698     34     5
	  810   809     16    18
	  810   812     22    10
	  810   866     17    10
	  811   265     87     3
	  811   809     67     5
	  811   812     34    11
	  811   816     26    12
	  811   817    143    20
	  812   266     65     2
	  812   810     29    11
	  812   811     87    10
	  812   818     98    18
	  812   866     52    16
	  813   267     16     5
	  813   472     43    18
	  813   473     10    10
	  813   701     93    11
	  813   814     66    16
	  814   268     96     3
	  814   702     94    20
	  814   809     90    10
	  814   813      7    14
	  814   816     85    18
	  815   269     29     8
	  815   471     83     5
	  815   472     78    15
	  815   638     68    12
	  815   821     14     7
	  816   270     73     5
	  816   471     95    12
	  816   811     91    11
	  816   814     85    14
	  816   822     14    14
	  817   271     53    12
	  817   470     69    16
	  817   811     76    18
	  817   818     82    15
	  817   819     90    19
	  818   272     63    17
	  818   812     47    16
	  818   817     20     9
	  818   820     50     6
	  818   869     45     5
	  819   273     64     4
	  819   469     58     3
	  819   817     80     2
	  819   820    110     6
	  819   829     51    13
	  820   274     47    17
	  820   818     62     8
	  820   819     46    12
	  820   830     34    19
	  820   869     64    14
	  821   275     28     1
	  821   815     59     6
	  821   822     48    18
	  821   823     98     7
	  821   826     24    10
	  822   276     54    16
	  822   470     71    11
	  822   816     19     1
	  822   821     86     6
	  822   824     53    17
	  823   277     25    14
	  823   821     39    18
	  823   824     23     4
	  823   828     96     3
	  823   833     18    12
	  824   278     13     3
	  824   469     59    20
	  824   822     60    19
	  824   823     25     3
	  824   834      6    17
	  825   279     97     3
	  825   638     81    19
	  825   649     59    19
	  825   826     78     5
	  825   827     61     4
	  826   280     11    11
	  826   638     22    13
	  826   821     10     3
	  826   825     49    14
	  826   828     48     3
	  827   281     69    16
	  827   651    105     6
	  827   825      7     9
	  827   828     14     6
	  827   837     67     5
	  828   282     23    18
	  828   823     60     1
	  828   826     35     7
	  828   827     34    10
	  828   838     46     7
	  829   283     84     3
	  829   457     54    16
	  829   468    143    16
	  829   819     99     7
	  829   834     48    18
	  830   284     91    19
	  830   468      9     1
	  830   820      7    17
	  830   832     52    17
	  830   872     27     3
	  831   285      6     6
	  831   457     46    11
	  831   836     46     1
	  831   845     60    16
	  832   286     21     7
	  832   459     51     4
	  832   830     63    19
	  832   872     35    12
	  833   287     56     7
	  833   455      9     4
	  833   823    118    14
	  833   834     22     2
	  833   838     70     2
	  834   288     78     2
	  834   456     28    19
	  834   824     37     6
	  834   829     97    11
	  834   833     83    20
	  835   289     65    12
	  835   455     28    13
	  835   836     27    18
	  835   840     49    15
	  835   846     78     8
	  836   290      5    13
	  836   456     45     1
	  836   831     26     5
	  836   835     91     3
	  836   846     49     1
	  837   291     25    14
	  837   827     43    11
	  837   838     68    15
	  837   839     26    11
	  837   842     82     1
	  838   292     72    16
	  838   454     79     6
	  838   828     95     8
	  838   833     20    11
	  838   837     54     4
	  839   293     31    19
	  839   837     68    17
	  839   840     41    20
	  839   844      7    12
	  839   847     85    11
	  840   294     11     1
	  840   454     80     6
	  840   835     11     9
	  840   839     44     6
	  840   847     75     8
	  841   295     89    20
	  841   453      6    17
	  841   663     98    20
	  841   842     16    17
	  841   843     50     3
	  842   296     73    19
	  842   651     16     9
	  842   837     87    15
	  842   841     94     4
	  842   844      8     3
	  843   297     33     7
	  843   665     16     9
	  843   841     43    13
	  843   844     97     2
	  843   848     35    19
	  844   298     22    14
	  844   839     69    17
	  844   842     14    16
	  844   843     55     1
	  844   848     81    19
	  845   299     45    12
	  845   459     41    19
	  845   467     49    16
	  845   831     81    11
	  845   846     43     2
	  845   875     31    18
	  846   300     88    11
	  846   835     20     7
	  846   836     37    18
	  846   845     29     8
	  846   847     87     7
	  846   856     24    18
	  847   301     30    16
	  847   839     82     6
	  847   840     32    14
	  847   846     79    19
	  847   848     55    17
	  847   857     44    15
	  848   302     56    13
	  848   447     46    20
	  848   843     44    17
	  848   844     84    20
	  848   847     55    20
	  848   858     79    10
	  849   303     81    13
	  849   447     84    10
	  849   664     94     3
	  849   665     47     1
	  849   851     90     5
	  849   853     12    15
	  849   859     28    19
	  850   304     36    16
	  850   668     48     5
	  850   851     69     6
	  850   852     17    18
	  850   854     83     6
	  851   305     96     3
	  851   669     97     8
	  851   849     98     5
	  851   850     30    13
	  851   853     23     7
	  852   306     85    11
	  852   850     49    10
	  852   853     45     3
	  852   854     64     8
	  852   860     77    15
	  853   307     14     1
	  853   849     19     4
	  853   851     15     9
	  853   852     65     5
	  853   860     57    15
	  854   308     51    18
	  854   670     50    16
	  854   850     12    14
	  854   852     30    19
	  854   861     86     8
	  854   905     88     3
	  854   907     21    13
	  855   309     74     8
	  855   466     79    20
	  855   467     48     7
	  855   856     94     7
	  855   878     15    15
	  856   310     68     3
	  856   846     64    12
	  856   855     24     5
	  856   857     48     8
	  856   863     57     7
	  857   311     19     4
	  857   847     47     4
	  857   856     82    19
	  857   858     37    11
	  857   885     46    14
	  858   312     29    20
	  858   446     78    13
	  858   848     89    14
	  858   857     98    14
	  858   886     84     5
	  859   313      5    17
	  859   446     16    15
	  859   849     50     9
	  859   860     55    12
	  859   887     69    12
	  860   314     95    17
	  860   852     59    17
	  860   853     81    10
	  860   859     97     4
	  860   861     47    12
	  860   888     98    14
	  861   315     92     4
	  861   854     26    11
	  861   860     23    20
	  861   888    129     2
	  861   907     33    17
	  861   910     84    14
	  862   316     48     5
	  862   465     53     1
	  862   466     32     1
	  862   863      5    11
	  862   889     67     5
	  863   317     71    17
	  863   856     79     1
	  863   862     96    15
	  863   885     93     2
	  863   890      5    20
	  864   318     71    19
	  864   732     79    15
	  864   865    123     6
	  864   867     56     3
	  864   913     76    12
	  865   319     11    20
	  865   733      6     3
	  865   864     31    15
	  865   866     62     3
	  865   868     93    19
	  866   320     82    11
	  866   736     44     4
	  866   737     16    15
	  866   810     30    14
	  866   812     39    17
	  866   865      9    18
	  866   868     48     4
	  866   869     57     8
	  867   321     88    19
	  867   864     77     1
	  867   868     38     1
	  867   870     33     3
	  868   322     27    13
	  868   865     66    13
	  868   866     30     6
	  868   867     89    17
	  868   869     34     9
	  868   871      6     6
	  869   323     82     3
	  869   818     27     3
	  869   820      7    18
	  869   866     54     1
	  869   868      6    17
	  869   872      5     3
	  870   324      7    15
	  870   867     78    20
	  870   871     38    14
	  871   325      8    18
	  871   868      6     6
	  871   870     63     8
	  871   872     96     8
	  871   874     84     9
	  872   326      7    11
	  872   460     12     2
	  872   830     11     2
	  872   832     38    19
	  872   869     13    11
	  872   871     54     6
	  873   327     88     6
	  873   462     93     1
	  873   874     57    18
	  874   328     26    18
	  874   461     40     4
	  874   871     50    10
	  874   873     84    10
	  874   875     48     1
	  875   329     39     7
	  875   460     19    11
	  875   845     47    18
	  875   874     82     9
	  875   878     41    13
	  876   330     49     7
	  876   462     65     2
	  876   877     40     1
	  876   879     49     1
	  877   331     67    16
	  877   461     15     1
	  877   876     50    14
	  877   878     67     5
	  877   880     16    18
	  878   332     14     1
	  878   855     63    13
	  878   875     95     6
	  878   877     13     3
	  878   881     67     6
	  879   333     98     8
	  879   876     61     1
	  879   880     73    17
	  879   882     53     5
	  880   334     35    18
	  880   877     63    17
	  880   879     76     2
	  880   881     56    15
	  880   883     79    12
	  881   335     27    11
	  881   465     41     5
	  881   878     24     4
	  881   880     58     9
	  881   884     52     7
	  882   336     66     2
	  882   879     72    10
	  882   883     88    19
	  883   337     15    20
	  883   464     37    11
	  883   880     25    19
	  883   882     57     1
	  884   338     96     6
	  884   464     35    11
	  884   881      7     6
	  884   889     63    11
	  885   339     47     9
	  885   445     16     7
	  885   857     23     3
	  885   863     39     6
	  885   892     22     1
	  886   340     86    20
	  886   445     38    13
	  886   858     64     2
	  886   887     56     8
	  886   892     83     9
	  887   341     94    11
	  887   859     16    17
	  887   886     59    10
	  887   888     47     6
	  887   893     90     8
	  888   342     81    13
	  888   860     80     2
	  888   861     15     4
	  888   887     47    13
	  888   894     32     8
	  888   910     76    17
	  889   343      6     2
	  889   862     18    18
	  889   884     87    16
	  889   895     39    12
	  890   344     38    16
	  890   863     41    16
	  890   891     35    18
	  890   896    100    19
	  891   345     43     2
	  891   890     91     8
	  891   896     13    19
	  891   897     65    20
	  891   899     56     2
	  892   346     44     4
	  892   885     69    20
	  892   886     92    13
	  892   897     74     9
	  893   347     33    13
	  893   887     48     1
	  893   894     57    17
	  893   898     24    16
	  893   901     60    17
	  894   348     14    19
	  894   888     63     1
	  894   893     47    16
	  894   910     87     3
	  895   349     44     2
	  895   889     57    19
	  895   896     27    15
	  896   350     71     1
	  896   890     31    15
	  896   891     26    17
	  896   895     81    18
	  896   899     18     3
	  897   351     57     8
	  897   443     38    13
	  897   891     54    18
	  897   892     84    17
	  897   899     81     3
	  898   352     89    11
	  898   442     86    16
	  898   443     86     1
	  898   893     41     2
	  898   900     85     9
	  899   353     27    17
	  899   442      7    14
	  899   891     77     2
	  899   896     97     5
	  899   897     32     6
	  900   354     23     2
	  900   898     51    13
	  900   901     51     1
	  901   355     75    18
	  901   893     60     3
	  901   900     52    13
	  902   356     22     5
	  902   513     48     5
	  902   541     87     6
	  902   542     75     4
	  902   660     67    20
	  902   661     19     6
	  902   670     98    10
	  903   357     85     8
	  903   514     96     3
	  903   516    108    12
	  903   542     42    15
	  903   543     13     8
	  903   544     59     2
	  904   358     27     4
	  904   544     86     2
	  904   906     48     4
	  905   359     94    19
	  905   513     69     3
	  905   514     82     6
	  905   670     79     8
	  905   854    104    11
	  905   906     84    19
	  905   907     54     9
	  906   360     88    15
	  906   516     14    16
	  906   904     72     2
	  906   905     40    19
	  906   908     57     9
	  906   909     47    11
	  906   931     92     2
	  907   361     64     1
	  907   854     64    15
	  907   861     40    18
	  907   905     15     7
	  907   908     36    10
	  907   910     92    17
	  908   362     30     4
	  908   517     34    20
	  908   906     85    16
	  908   907     23    19
	  908   911     42     3
	  908   912     25    11
	  909   363     28     6
	  909   517     96    16
	  909   906     44     6
	  909   912     14     7
	  910   364     42    20
	  910   861     38     4
	  910   888     75     1
	  910   894     45     5
	  910   907     18     3
	  910   911     66    11
	  911   365      5     3
	  911   518     67    11
	  911   908     52    17
	  911   910     46    18
	  912   366     39     4
	  912   518     84     8
	  912   908     67     6
	  912   909     78    14
	  913   367     76     9
	  913   417     31    19
	  913   708     42     9
	  913   714     17     6
	  913   720     39    17
	  913   726     71    10
	  913   801     14    15
	  913   864     61    20
	  914   368      5     9
	  914   389    119    10
	  914   780     79    18
	  914   785     40     4
	  914   793     16    12
	  914   915      7    15
	  915   369     33    19
	  915   914     55    17
	  915   916     28    14
	  916   370     70    10
	  916   780     89    13
	  916   915     83    14
	  916   917     89    14
	  917   371     99    15
	  917   781     46    17
	  917   782     87     8
	  917   916     63    18
	  917   918     93     5
	  918   372     96    18
	  918   782     97     1
	  918   783     77    12
	  918   917     60    15
	  918   919     72    15
	  919   373     51    20
	  919   783     87    13
	  919   784     14    15
	  919   918     63    18
	  919   920     78     9
	  919   924     77     4
	  920   374     69     4
	  920   738     82     1
	  920   740     75     5
	  920   919     60     5
	  920   921    124    10
	  921   375     15     8
	  921   418    105    17
	  921   739     57     5
	  921   743    100    18
	  921   920     27     5
	  922   376     62    18
	  922   418     14     8
	  922   743     13    17
	  922   744     42     3
	  923   377     95    13
	  923   418     12     4
	  924   378     83    11
	  924   919     82     1
	  925   379     70     1
	  925   390     77    16
	  926   380     76    18
	  926   417    126     1
	  927   381     51     7
	  927   462     36    12
	  928   382     36     7
	  928   463     97    19
	  929   383     23    17
	  929   442     43     1
	  930   384     57     8
	  930   518     41    17
	  931   385     20    17
	  931   906     26    11
	  932   386     20     9
	  932   515    104     1
	  933   387     79    15
	  933   534     70    19
	;
