param: VERTICES: demand := 
	    1    -7
	    2    -5
	    3     8
	    4     3
	    5     6
	    6     4
	    7    -8
	    8     6
	    9    -5
	   10     5
	   11     7
	   12    -6
	   13    -5
	   14    -6
	   15    -5
	   16    -7
	   17     6
	   18     6
	   19    -4
	   20     7
	   21    -8
	   22     7
	   23    -6
	   24    -7
	   25     4
	   26     5
	   27     5
	   28     6
	   29    -6
	   30     7
	   31    -5
	   32    -7
	   33    -6
	   34     6
	   35     6
	   36    -5
	   37     7
	   38     6
	   39    -6
	   40     6
	   41    -3
	   42     7
	   43    -9
	   44     7
	   45    -8
	   46    -7
	   47     6
	   48    -8
	   49     4
	   50    -6
	   51     7
	   52     5
	   53     7
	   54    -7
	   55    -7
	   56    -4
	   57     7
	   58    -7
	   59     5
	   60     3
	   61     5
	   62     0
	   63    -8
	   64     3
	   65    -7
	   66     9
	   67    -6
	   68     7
	   69    -5
	   70     7
	   71    -5
	   72     5
	   73    -6
	   74    -6
	   75     6
	   76    -2
	   77    -4
	   78    -5
	   79     5
	   80     6
	   81    -7
	   82     0
	   83     7
	   84     0
	   85     6
	   86     0
	   87    -6
	   88    -5
	   89    -6
	   90     8
	   91     4
	   92    -8
	   93     7
	   94     5
	   95    -6
	   96    -6
	   97    -6
	   98     6
	   99     6
	  100     5
	  101     7
	  102    -5
	  103    -6
	  104     5
	  105     6
	  106    -4
	  107     6
	  108    -7
	  109    -6
	  110     3
	  111    -7
	  112     5
	  113    -6
	  114    -5
	  115    -4
	  116     6
	  117     7
	  118     4
	  119    -7
	  120     4
	  121     5
	  122    -6
	  123     4
	  124     5
	  125     6
	  126    -8
	  127    -7
	  128    -5
	  129     6
	  130    -3
	  131     6
	  132    -5
	  133     6
	  134    -6
	  135    -5
	  136     3
	  137     5
	  138     8
	  139     5
	  140    -8
	  141    -7
	  142    -5
	  143     3
	  144     6
	  145    -5
	  146     4
	  147     4
	  148     5
	  149     4
	  150    -8
	  151     7
	  152    -5
	  153    -4
	  154    -3
	  155    -1
	  156     0
	  157    -8
	  158    -3
	  159     8
	  160    -6
	  161     7
	  162     2
	  163     2
	  164    -5
	  165    -7
	  166     6
	  167     6
	  168    -6
	  169    -6
	  170     6
	  171    -6
	  172     4
	  173     5
	  174     6
	  175     5
	  176    -6
	  177    -6
	  178    -6
	  179    -3
	  180     4
	  181     6
	  182     0
	  183    -1
	  184     7
	  185    -2
	  186    -6
	  187     6
	  188    -3
	  189    -3
	  190    -6
	  191     8
	  192     6
	  193    -5
	  194    -6
	  195     5
	  196     6
	  197    -6
	  198    -5
	  199    -2
	  200     8
	  201    -4
	  202     6
	  203     6
	  204    -3
	  205     4
	  206    -6
	  207    -6
	  208     5
	  209     6
	  210     5
	  211    -9
	  212     5
	  213    -4
	  214    -5
	  215    -6
	  216     2
	  217    -7
	  218    -5
	  219     7
	  220     5
	  221    -7
	  222     8
	  223     4
	  224    -5
	  225     5
	  226    -6
	  227     3
	  228    -4
	  229     6
	  230     6
	  231    -3
	  232    -7
	  233     6
	  234    -4
	  235     2
	  236     5
	  237    -4
	  238    -2
	  239    -7
	  240    -5
	  241     5
	  242     4
	  243    -7
	  244     9
	  245     5
	  246     5
	  247    -6
	  248    -4
	  249     2
	  250     0
	  251     0
	  252    -5
	  253     7
	  254    -3
	  255    -6
	  256     3
	  257     3
	  258    -6
	  259     3
	  260     6
	  261    -7
	  262     5
	  263    -3
	  264     5
	  265     6
	  266    -6
	  267     6
	  268     3
	  269    -8
	  270     7
	  271    -7
	  272     6
	  273    -7
	  274     4
	  275     7
	  276    -7
	  277    -7
	  278     8
	  279     0
	  280    -7
	  281    -6
	  282     7
	  283    -6
	  284     3
	  285    -6
	  286     6
	  287     4
	  288    -7
	  289     5
	  290     5
	  291    -2
	  292    -4
	  293     6
	  294     3
	  295    -8
	  296    -7
	  297     6
	  298     5
	  299    -8
	  300     5
	  301    -5
	  302     8
	  303    -4
	  304    -8
	  305    -4
	  306     5
	  307     3
	  308     6
	  309     4
	  310    -7
	  311     4
	  312    -5
	  313    -5
	  314    -5
	  315     0
	  316    -5
	  317     8
	  318     5
	  319    -5
	  320     8
	  321     6
	  322     6
	  323    -2
	  324     5
	  325    -4
	  326    -6
	  327    -7
	  328    -4
	  329     5
	  330    -6
	  331    -6
	  332     8
	  333    -5
	  334     7
	  335     8
	  336    -8
	  337     8
	  338    -4
	  339    -5
	  340     3
	  341     6
	  342    -4
	  343    -6
	  344     7
	  345     4
	  346    -4
	  347    -6
	  348     7
	  349     4
	  350    -4
	  351     4
	  352    -4
	  353     6
	  354    -5
	  355     6
	  356    -6
	  357    -6
	  358    -6
	  359     5
	  360     7
	  361    -4
	  362    -6
	  363    -6
	  364     5
	  365    -4
	  366     6
	  367     4
	  368     1
	  369    -6
	  370    -6
	  371     6
	  372    -6
	  373     4
	  374     7
	  375     5
	  376    -6
	  377     7
	  378     2
	  379    -6
	  380     6
	  381    -3
	  382    -7
	  383    -6
	  384    -3
	  385     5
	  386     6
	  387    -3
	  388     7
	  389    -7
	  390     3
	  391    -5
	  392     6
	  393     7
	  394    -4
	  395     5
	  396    -6
	  397     5
	  398     0
	  399    -8
	  400     6
	  401    -5
	  402    -6
	  403    -2
	  404     5
	  405     3
	  406    -5
	  407     5
	  408    -6
	  409     5
	  410     4
	  411     5
	  412    -6
	  413     4
	  414    -5
	  415     6
	  416     2
	  417    -7
	  418    -4
	  419     5
	  420    -3
	  421    -5
	  422    -7
	  423     5
	  424     6
	  425     3
	  426     4
	  427    -4
	  428    -6
	  429    -6
	  430     3
	  431     8
	  432     6
	  433    -5
	  434     6
	  435    -5
	  436     4
	  437    -7
	  438     4
	  439    -5
	  440     6
	  441     4
	  442    -4
	  443    -2
	  444     6
	  445    -6
	  446     6
	  447    -5
	  448    -3
	  449     5
	  450    -4
	  451    -1
	  452     3
	  453     5
	  454    -4
	  455    -5
	  456    -5
	  457     6
	  458    -4
	  459     3
	  460    -6
	  461     7
	  462    -5
	  463    -6
	  464     7
	  465     7
	  466    -3
	  467     4
	  468     5
	  469    -2
	  470    -7
	  471    -7
	  472     8
	  473    -5
	  474    -5
	  475     5
	  476     8
	  477    -5
	  478     6
	  479    -7
	  480    -6
	  481    -6
	  482     7
	  483     6
	  484     5
	  485    -6
	  486     6
	  487    -5
	  488     3
	  489    -6
	  490     7
	  491     7
	  492     5
	  493    -3
	  494    -5
	  495     4
	  496    -7
	  497    -5
	  498     8
	  499    -7
	  500    -3
	  501    -4
	  502     5
	  503     6
	  504     6
	  505    -9
	  506     6
	  507    -8
	  508     4
	  509    -6
	  510    -6
	  511     6
	  512    -7
	  513     3
	  514     4
	  515     8
	  516    -7
	  517     3
	  518     6
	  519    -6
	  520    -6
	  521     4
	  522     6
	  523    -4
	  524     6
	  525    -3
	  526     4
	  527    -7
	  528    -7
	  529     8
	  530    -6
	  531    -4
	  532    -5
	  533     4
	  534    -7
	  535     7
	  536    -2
	  537     2
	  538     2
	  539     9
	  540    -7
	  541     2
	  542    -7
	  543     5
	  544     6
	  545     7
	  546     6
	  547    -7
	  548     0
	  549     5
	  550    -7
	  551     6
	  552    -5
	  553    -6
	  554    -6
	  555    -4
	  556     6
	  557     3
	  558    -5
	  559    -3
	  560     6
	  561    -3
	  562     7
	  563    -5
	  564     5
	  565    -5
	  566    -7
	  567     4
	  568     2
	  569     5
	  570     6
	  571     6
	  572     0
	  573    -6
	  574     7
	  575    -9
	  576    -2
	  577    -6
	  578     7
	  579     4
	  580     4
	  581    -4
	  582    -6
	  583    -2
	  584     2
	  585     5
	  586    -6
	  587    -7
	  588     3
	  589     5
	  590     0
	  591     0
	  592    -4
	  593    -3
	  594    -3
	  595     0
	  596     3
	  597    -3
	  598     3
	  599     6
	  600    -1
	;

param: ARCS: capacity weight := 
   1	3	12	4
   1	464	5	14
   1	481	10	19
   2	27	9	18
   2	446	5	19
   2	470	10	8
   3	1	14	15
   3	463	11	6
   3	549	9	14
   3	550	6	20
   4	137	5	13
   4	148	5	4
   5	362	12	19
   5	401	10	6
   5	553	14	1
   6	347	12	10
   6	351	6	18
   7	266	6	19
   7	267	10	3
   7	269	12	8
   7	273	9	17
   7	283	7	3
   8	400	11	20
   8	421	11	13
   8	422	12	4
   8	600	14	7
   9	399	13	11
   9	405	5	6
   9	406	11	10
   9	415	10	3
   10	224	8	7
   10	225	10	5
   10	288	10	8
   10	290	13	18
   11	239	14	2
   11	243	12	19
   11	244	10	5
   12	206	14	9
   12	224	10	16
   12	226	14	10
   13	395	7	8
   14	171	10	8
   14	539	6	14
   14	540	14	7
   15	473	8	5
   15	475	7	14
   15	476	11	16
   15	477	11	3
   16	280	9	4
   16	432	8	10
   16	473	8	2
   16	475	5	13
   16	507	12	13
   17	94	6	1
   17	97	12	5
   17	101	9	8
   18	93	7	7
   18	98	12	15
   18	99	12	13
   18	587	13	8
   19	104	9	10
   19	105	5	19
   19	133	8	12
   19	212	6	9
   20	211	13	8
   20	214	9	6
   20	293	14	7
   21	437	9	5
   21	438	10	14
   21	440	11	2
   21	579	10	14
   22	295	12	13
   22	297	9	1
   22	304	14	7
   22	306	12	19
   23	181	12	6
   23	461	6	12
   24	181	10	6
   24	184	10	20
   24	455	10	8
   25	432	6	16
   25	433	5	13
   25	434	11	20
   25	453	14	20
   26	444	14	13
   26	489	10	16
   26	490	8	7
   27	2	8	11
   27	436	7	3
   27	454	5	19
   28	349	8	10
   28	523	13	12
   28	529	5	17
   28	530	11	13
   29	186	14	20
   29	235	5	17
   29	483	7	18
   29	486	5	19
   30	275	11	1
   30	422	13	3
   30	429	12	20
   31	326	7	14
   31	327	10	16
   31	412	6	1
   32	152	8	13
   32	227	9	14
   33	69	5	6
   33	131	9	16
   33	134	5	20
   34	74	12	17
   34	75	5	15
   34	79	8	7
   34	276	12	9
   35	170	13	6
   35	218	6	6
   35	219	13	13
   35	220	8	2
   36	281	9	12
   36	431	8	15
   37	166	12	4
   37	431	11	10
   38	89	11	4
   38	103	10	7
   38	126	13	18
   39	53	9	16
   39	339	9	18
   39	341	6	6
   39	569	11	6
   40	89	12	16
   40	113	12	6
   40	339	9	8
   40	382	9	16
   41	107	6	12
   41	340	7	15
   41	359	12	8
   41	380	9	16
   42	370	13	1
   42	372	14	5
   42	377	14	3
   42	578	5	12
   43	90	11	1
   43	100	6	18
   43	108	8	18
   43	321	8	9
   44	296	14	3
   44	317	12	3
   44	324	8	13
   45	208	7	16
   45	215	8	6
   45	313	11	7
   45	589	6	11
   46	344	5	7
   46	352	7	10
   46	360	11	17
   46	374	5	16
   47	295	13	17
   47	297	7	7
   47	298	6	2
   48	478	9	14
   48	479	14	2
   49	478	14	7
   50	353	6	2
   50	354	10	9
   50	355	5	10
   50	358	10	8
   51	70	9	16
   51	138	12	17
   51	146	8	8
   51	169	10	20
   51	178	11	20
   52	68	11	19
   52	74	8	12
   52	222	14	17
   52	385	14	16
   53	382	13	12
   53	383	13	11
   53	396	11	10
   53	569	6	4
   54	247	7	7
   54	248	5	7
   54	336	14	10
   54	337	8	9
   55	66	7	13
   55	319	8	11
   55	320	14	6
   55	322	7	1
   56	106	6	20
   56	115	8	4
   56	132	9	2
   56	274	13	13
   56	376	10	5
   57	376	10	20
   57	437	14	6
   57	441	5	6
   58	117	12	10
   58	122	11	14
   58	318	12	1
   59	457	9	6
   59	478	6	1
   59	479	9	13
   59	551	7	17
   60	319	12	20
   61	510	13	16
   61	511	6	5
   61	562	14	7
   63	232	11	8
   63	267	6	16
   64	63	12	17
   65	67	5	11
   65	122	8	14
   66	55	14	15
   66	67	14	13
   67	65	11	2
   67	104	6	20
   67	322	10	3
   68	70	12	19
   68	178	11	20
   69	52	11	2
   69	68	8	2
   69	74	7	1
   69	222	9	7
   70	33	13	19
   70	69	12	20
   70	131	10	12
   71	72	5	4
   72	13	9	1
   72	71	8	5
   72	79	12	16
   72	252	6	19
   73	111	10	6
   74	13	7	20
   74	34	8	15
   74	71	9	17
   74	75	7	16
   75	34	12	20
   75	68	8	3
   75	74	5	15
   76	77	5	7
   77	78	6	11
   77	120	5	17
   78	73	9	12
   78	264	5	6
   78	565	7	9
   79	34	7	13
   79	75	9	5
   80	73	12	4
   80	76	7	4
   80	264	5	4
   80	565	10	17
   81	87	10	17
   81	109	7	16
   81	428	7	3
   83	87	10	15
   83	109	14	15
   83	428	14	15
   85	176	10	10
   85	241	10	8
   87	162	8	19
   87	177	10	18
   88	85	13	18
   89	97	13	16
   90	43	14	9
   90	91	9	12
   90	100	7	12
   91	98	8	4
   91	99	6	3
   92	17	13	7
   92	94	8	10
   92	123	6	1
   92	165	14	17
   93	18	9	7
   93	95	12	12
   93	219	6	14
   93	587	13	15
   94	17	7	5
   94	113	10	10
   94	116	12	10
   95	96	9	20
   95	119	12	5
   96	102	7	7
   96	368	6	16
   97	17	6	20
   97	101	11	9
   98	18	11	3
   98	93	7	7
   99	98	11	15
   99	100	8	4
   99	337	13	14
   100	43	14	6
   100	112	5	1
   101	17	11	11
   101	92	14	1
   102	18	14	2
   102	93	5	14
   102	95	8	5
   102	99	9	17
   102	219	8	9
   103	40	8	11
   103	89	13	7
   103	113	12	9
   103	116	7	19
   104	19	9	13
   104	43	9	1
   104	108	11	5
   104	114	7	19
   104	157	13	17
   105	19	8	14
   105	65	14	9
   105	104	7	16
   106	19	6	19
   106	132	8	7
   106	133	10	3
   106	212	7	18
   106	314	7	15
   106	373	6	17
   107	81	10	4
   107	125	13	2
   108	90	12	1
   109	107	10	9
   109	361	14	7
   110	116	12	13
   111	40	8	11
   111	110	5	19
   111	264	14	14
   111	382	11	17
   112	43	10	3
   112	108	8	11
   112	114	14	5
   112	157	14	5
   113	40	6	9
   113	111	13	13
   113	264	8	4
   113	382	12	1
   114	105	10	13
   114	106	6	8
   114	132	14	11
   114	373	8	1
   115	56	10	13
   116	121	5	11
   116	129	11	8
   117	58	13	11
   117	66	11	17
   118	36	6	11
   118	124	7	9
   118	261	13	4
   119	77	10	19
   119	78	14	4
   120	96	13	5
   121	103	9	11
   121	126	9	5
   122	58	12	11
   122	117	8	16
   122	324	5	15
   123	81	14	9
   124	118	7	1
   124	153	17	11
   125	17	11	4
   125	92	13	11
   125	94	12	7
   126	38	10	8
   126	103	6	11
   126	130	11	20
   127	128	7	3
   127	389	14	3
   127	391	6	4
   128	56	7	10
   128	106	5	14
   128	115	11	17
   128	132	14	3
   128	268	6	4
   129	33	9	4
   129	69	12	5
   129	134	14	13
   129	190	11	14
   130	124	5	5
   131	33	12	16
   131	134	8	13
   132	56	6	9
   132	127	10	20
   132	128	12	15
   133	19	11	5
   133	105	9	2
   134	33	7	10
   134	121	11	19
   134	129	10	10
   135	143	10	11
   136	149	9	2
   137	4	6	13
   137	142	10	13
   137	147	6	8
   137	418	14	13
   138	51	13	4
   138	70	14	19
   138	146	5	15
   138	169	12	6
   138	178	7	15
   139	135	9	17
   139	145	13	11
   139	207	14	11
   139	258	9	11
   140	138	6	7
   141	142	8	14
   141	400	8	15
   142	4	5	19
   142	137	6	20
   142	148	10	20
   142	400	14	14
   143	144	9	4
   144	140	12	20
   144	205	9	5
   145	139	8	18
   146	51	8	16
   146	136	5	6
   146	144	11	8
   147	161	6	6
   147	485	10	15
   148	4	8	10
   148	150	12	7
   148	593	13	20
   149	145	5	2
   149	258	13	7
   150	403	12	4
   150	592	13	5
   151	4	13	17
   151	137	14	18
   152	32	11	3
   152	51	5	3
   152	138	9	6
   153	154	13	5
   154	155	10	13
   155	152	9	16
   157	160	12	11
   157	247	10	19
   158	114	8	3
   159	158	14	1
   159	160	11	18
   159	247	6	2
   160	159	13	14
   160	372	8	13
   161	141	13	13
   161	485	9	18
   161	487	11	10
   161	547	8	8
   162	164	9	15
   163	177	10	9
   164	165	11	13
   164	168	6	2
   165	92	14	18
   165	164	8	12
   166	37	6	1
   166	167	14	20
   167	163	8	10
   167	168	14	16
   168	36	13	16
   168	167	8	18
   169	51	5	13
   169	70	9	10
   169	146	11	1
   169	178	11	19
   170	35	7	15
   170	119	12	5
   170	217	11	6
   170	220	6	5
   171	13	7	3
   171	14	7	8
   171	52	5	18
   171	68	14	12
   171	74	8	1
   171	221	13	11
   171	395	7	4
   172	386	6	13
   172	539	12	1
   173	172	5	6
   173	516	11	12
   174	172	13	7
   174	173	10	14
   175	170	7	17
   175	217	14	8
   176	88	11	4
   176	240	10	20
   176	278	7	20
   176	577	11	15
   177	179	5	9
   177	416	6	15
   178	70	9	10
   178	169	9	6
   178	253	7	8
   179	83	5	12
   179	559	5	18
   180	519	13	18
   181	23	7	6
   181	24	12	3
   181	184	12	15
   181	456	8	2
   183	203	5	5
   184	24	14	3
   184	181	10	19
   184	521	6	9
   185	180	9	3
   186	29	8	2
   186	234	10	12
   186	486	12	8
   187	188	12	14
   187	456	10	9
   188	187	8	11
   189	190	10	20
   190	129	7	3
   190	566	12	19
   191	192	11	8
   191	471	14	18
   192	193	9	18
   192	280	13	7
   192	471	10	12
   193	194	9	18
   193	256	7	2
   193	280	6	13
   193	288	13	16
   193	471	11	1
   194	225	6	4
   195	197	5	13
   195	200	11	10
   195	462	10	9
   196	197	13	15
   196	200	8	4
   196	544	5	3
   197	196	5	12
   197	236	9	18
   197	545	10	1
   197	574	14	12
   198	234	13	13
   199	202	5	14
   200	197	13	3
   200	198	12	12
   200	202	12	7
   200	462	8	12
   200	544	7	2
   201	196	7	19
   202	195	13	6
   202	198	6	1
   202	230	5	6
   203	197	14	3
   203	200	10	10
   203	462	5	4
   204	135	9	6
   204	145	5	8
   204	258	7	17
   205	12	12	18
   205	206	5	3
   206	12	5	17
   206	224	13	2
   206	249	6	15
   206	536	12	18
   207	204	10	2
   207	206	6	2
   208	20	7	14
   208	45	10	4
   208	214	8	5
   208	215	14	11
   208	302	7	17
   208	589	11	16
   209	210	14	15
   209	212	7	2
   210	65	9	10
   210	133	14	6
   211	20	14	9
   211	45	14	13
   211	208	8	20
   211	215	8	19
   211	302	14	18
   212	209	10	20
   212	213	10	4
   212	310	13	12
   213	208	5	1
   213	215	10	19
   213	310	9	9
   214	20	7	8
   214	293	5	16
   215	208	6	7
   215	216	8	10
   215	310	5	12
   216	209	6	20
   217	171	11	17
   217	175	12	2
   217	540	11	13
   217	566	14	18
   218	35	5	15
   218	598	8	9
   219	35	7	2
   219	218	14	17
   219	220	10	17
   219	587	13	9
   220	35	5	12
   220	95	12	18
   220	170	9	18
   220	219	14	17
   221	171	13	18
   221	217	10	11
   221	540	8	16
   221	566	8	16
   222	52	12	20
   222	221	13	7
   223	140	13	11
   224	10	10	4
   224	12	5	8
   224	206	9	10
   224	225	5	12
   224	226	8	15
   224	288	9	5
   225	10	6	10
   225	191	11	17
   225	224	11	8
   225	288	10	1
   225	472	9	13
   225	474	9	9
   225	496	8	14
   226	12	8	2
   226	223	11	15
   227	32	12	2
   228	229	10	15
   229	191	12	12
   229	225	9	18
   229	474	10	3
   230	460	12	3
   230	464	9	15
   231	200	6	12
   232	63	14	11
   232	233	7	5
   233	232	13	2
   233	271	9	7
   233	331	13	20
   234	488	10	14
   235	186	7	5
   236	197	11	11
   236	576	6	9
   237	199	9	4
   238	176	9	20
   239	238	11	12
   240	244	12	11
   241	242	13	16
   242	535	11	14
   243	11	10	7
   243	239	10	3
   243	244	6	14
   244	243	14	11
   244	245	14	4
   245	244	10	7
   245	278	12	12
   246	308	12	18
   246	388	7	20
   247	54	14	6
   247	248	9	9
   247	337	13	9
   247	578	11	20
   248	160	8	3
   249	207	7	16
   252	263	12	11
   252	276	7	14
   252	277	12	20
   253	252	13	5
   253	276	11	20
   253	277	10	19
   254	193	8	18
   254	256	5	16
   254	291	6	9
   255	145	9	18
   255	258	10	20
   256	260	18	20
   257	255	12	1
   258	255	9	2
   258	259	9	15
   259	262	9	14
   260	36	5	8
   260	124	14	10
   260	261	12	8
   261	260	6	10
   261	292	13	13
   262	252	7	6
   262	276	11	1
   262	277	10	10
   263	257	11	18
   264	39	12	18
   264	53	6	11
   264	80	10	6
   264	569	9	17
   265	63	10	13
   265	266	14	1
   265	267	8	7
   265	270	12	6
   265	271	11	12
   266	265	6	11
   266	272	11	17
   266	285	8	11
   266	355	12	20
   267	64	11	13
   267	269	12	11
   267	275	6	9
   268	128	8	4
   268	312	8	11
   268	594	6	10
   269	7	13	5
   269	266	12	17
   269	273	12	3
   269	283	13	4
   270	63	14	6
   270	266	11	2
   270	267	14	13
   270	271	12	10
   271	63	14	20
   271	233	10	13
   271	266	10	20
   271	267	12	17
   271	270	10	2
   272	7	13	2
   272	266	9	2
   272	283	14	18
   273	7	8	14
   273	283	9	15
   274	56	9	4
   274	106	8	12
   274	115	7	6
   275	30	13	7
   275	285	14	8
   275	287	13	8
   275	422	10	6
   275	429	12	12
   276	13	10	19
   276	34	13	7
   276	71	6	7
   276	79	5	1
   277	178	14	16
   278	228	14	11
   278	496	14	17
   280	16	13	10
   280	504	14	6
   280	507	13	15
   281	36	10	12
   281	256	13	18
   282	267	13	4
   282	275	11	3
   283	282	11	2
   284	285	10	15
   285	50	10	19
   285	266	6	3
   285	275	8	8
   285	354	5	12
   285	355	7	12
   285	358	14	2
   285	424	11	18
   286	83	13	8
   286	559	7	5
   287	267	5	16
   287	275	11	14
   288	10	6	12
   288	194	13	3
   288	224	8	11
   288	225	13	16
   289	193	10	13
   289	256	7	17
   289	290	6	2
   290	10	12	5
   290	289	8	4
   291	289	5	5
   292	254	12	14
   293	20	9	14
   293	211	14	2
   293	316	10	8
   294	209	14	17
   295	22	5	20
   295	47	8	3
   295	301	12	19
   295	304	13	13
   295	308	5	18
   296	302	7	9
   296	324	6	8
   297	47	9	17
   297	295	9	12
   298	47	10	19
   298	306	8	18
   299	300	5	10
   299	307	8	6
   300	299	12	2
   300	303	6	17
   301	295	7	11
   301	299	13	6
   301	303	6	19
   301	308	10	14
   302	45	13	13
   302	208	14	4
   302	215	12	10
   302	294	7	6
   302	296	11	8
   303	300	6	6
   303	301	7	10
   304	22	8	1
   305	174	10	11
   306	22	9	12
   306	295	6	8
   306	301	11	7
   306	304	11	3
   306	308	9	3
   307	301	10	17
   308	295	9	7
   308	301	12	12
   308	306	12	17
   308	388	12	14
   309	128	6	8
   309	312	9	8
   309	594	7	5
   310	106	11	18
   310	208	9	9
   310	215	12	10
   310	311	8	11
   310	314	12	17
   311	310	14	13
   312	128	8	16
   312	594	6	16
   313	45	10	6
   314	310	8	20
   316	211	5	11
   316	293	9	7
   316	317	10	6
   317	44	11	18
   317	316	12	12
   317	323	5	7
   318	58	7	11
   318	319	9	2
   319	55	9	10
   319	60	8	10
   319	320	5	20
   319	321	7	12
   319	384	14	12
   320	55	12	8
   320	322	13	19
   321	43	11	3
   321	586	12	4
   322	67	10	4
   322	319	12	11
   323	317	6	4
   324	44	12	8
   324	122	8	20
   324	296	10	4
   324	325	9	10
   325	324	13	10
   326	31	10	1
   326	580	11	2
   327	31	6	18
   327	326	11	8
   327	329	6	7
   327	330	10	17
   328	330	11	10
   329	353	12	5
   329	355	5	2
   330	334	9	7
   331	271	10	17
   331	345	5	1
   331	392	11	17
   332	333	14	10
   332	585	11	10
   333	335	14	7
   334	332	7	2
   334	371	13	2
   335	31	14	10
   335	326	14	9
   335	327	13	12
   335	329	10	13
   335	330	13	5
   336	54	8	15
   336	337	10	15
   336	338	14	20
   336	365	7	15
   336	366	5	14
   337	54	12	15
   337	336	14	4
   337	342	14	3
   338	18	7	7
   338	93	10	5
   338	99	7	12
   339	39	5	6
   339	40	11	3
   339	111	12	9
   339	264	11	15
   339	382	10	7
   340	41	5	2
   340	359	7	14
   340	582	5	15
   341	39	7	2
   341	339	14	2
   342	99	5	17
   343	340	6	12
   343	359	13	8
   343	379	9	18
   343	582	14	5
   344	46	14	10
   344	331	10	18
   344	345	5	16
   344	392	12	2
   345	46	9	14
   345	331	8	2
   345	352	12	8
   345	371	8	5
   345	374	11	16
   345	392	7	13
   345	439	7	20
   346	347	10	19
   347	6	8	7
   347	480	9	18
   347	482	5	15
   348	2	11	19
   348	446	11	4
   348	470	13	17
   348	497	10	7
   349	28	9	18
   349	520	8	16
   349	522	12	20
   349	529	12	3
   350	2	11	10
   350	348	5	2
   350	446	11	5
   350	470	13	6
   351	6	6	13
   351	347	11	4
   352	328	7	15
   352	356	7	17
   353	50	11	13
   353	354	12	5
   354	50	7	4
   354	355	8	6
   354	358	6	18
   355	344	11	17
   355	356	12	5
   355	597	12	3
   356	328	9	5
   356	353	6	17
   356	355	14	14
   357	50	6	15
   357	354	10	16
   357	355	11	11
   357	358	6	10
   357	425	8	14
   358	407	7	6
   358	415	6	18
   359	41	5	12
   359	107	12	16
   360	46	11	13
   360	345	13	11
   361	583	9	18
   362	5	7	3
   362	363	13	12
   362	401	7	14
   362	553	5	20
   363	109	6	16
   364	327	13	18
   365	102	9	7
   366	336	8	4
   366	365	11	10
   366	367	7	11
   367	369	13	19
   368	366	6	16
   369	336	10	20
   369	365	11	16
   369	366	13	12
   369	570	7	2
   370	332	5	20
   370	371	5	9
   370	377	7	7
   371	159	6	6
   371	370	12	16
   371	374	13	10
   371	439	9	15
   372	42	7	9
   372	370	5	7
   373	376	12	13
   374	46	7	12
   374	360	14	2
   375	377	10	17
   375	571	7	14
   376	56	8	12
   376	57	5	11
   376	106	7	6
   376	132	12	5
   376	373	7	11
   376	441	8	13
   377	42	11	2
   377	54	12	9
   377	247	14	17
   377	248	9	4
   377	370	14	19
   377	571	12	15
   378	383	11	11
   379	380	11	18
   379	381	8	2
   380	41	9	2
   380	340	14	12
   380	343	10	13
   380	379	11	2
   381	378	6	10
   382	341	13	19
   382	383	10	17
   383	53	6	19
   383	382	7	5
   383	569	12	17
   384	318	8	6
   385	52	6	9
   385	74	7	8
   386	305	8	19
   386	387	11	6
   387	220	9	2
   388	127	13	10
   388	389	11	16
   388	391	14	19
   389	345	11	7
   389	392	14	18
   390	393	9	11
   391	246	9	8
   392	345	13	6
   392	390	8	19
   393	127	13	3
   393	389	12	4
   393	391	7	6
   394	71	9	13
   395	13	8	14
   395	394	12	7
   396	53	6	15
   396	568	9	5
   397	409	7	20
   397	414	12	16
   399	9	10	14
   399	405	7	10
   400	142	8	5
   400	402	13	5
   401	5	11	14
   401	409	7	1
   401	411	7	2
   401	442	12	3
   402	357	9	9
   402	400	10	20
   402	404	11	8
   403	404	6	2
   404	150	10	2
   404	402	7	15
   405	9	5	20
   405	406	6	8
   406	9	8	13
   406	407	9	2
   407	357	10	7
   407	402	6	18
   408	411	5	13
   409	408	11	10
   409	414	5	14
   410	364	9	18
   410	413	5	14
   411	362	11	7
   411	410	7	16
   412	364	6	8
   412	413	5	11
   413	362	11	7
   413	410	6	16
   414	399	13	16
   415	9	14	16
   415	408	9	20
   416	417	11	20
   417	423	10	10
   417	452	11	20
   418	435	5	13
   419	420	10	4
   419	556	8	20
   420	179	10	13
   421	8	6	3
   421	422	9	1
   422	8	6	6
   422	30	10	17
   422	275	11	20
   422	424	9	5
   422	429	6	9
   422	600	7	14
   423	419	7	11
   423	447	7	19
   424	421	7	6
   424	427	13	12
   425	284	10	12
   426	5	12	15
   426	401	5	6
   426	553	6	18
   427	285	6	10
   427	424	7	5
   428	426	8	20
   428	430	14	17
   429	30	8	12
   430	151	8	15
   431	36	13	4
   431	37	14	3
   431	166	5	7
   432	25	11	13
   432	433	12	3
   432	508	6	11
   433	25	8	8
   433	434	5	14
   434	25	13	3
   434	432	9	10
   434	433	11	15
   434	492	6	20
   435	137	6	7
   435	498	7	6
   435	500	12	4
   436	27	7	7
   436	419	10	11
   437	21	14	7
   437	57	12	5
   438	21	14	16
   439	21	14	10
   440	371	9	8
   440	374	13	2
   440	439	5	7
   441	57	12	5
   441	518	6	12
   442	4	7	12
   442	137	5	16
   443	185	6	20
   444	2	12	15
   444	26	9	3
   444	27	14	3
   445	499	13	18
   445	501	11	1
   445	554	12	8
   446	2	10	12
   446	445	13	11
   446	470	5	15
   447	448	11	5
   448	450	13	6
   449	423	11	17
   449	447	7	11
   450	454	6	5
   451	449	5	3
   452	476	12	17
   453	16	14	9
   453	25	7	1
   453	473	7	7
   453	475	5	7
   454	27	6	18
   454	436	8	15
   454	453	5	16
   454	489	10	5
   454	492	7	16
   455	24	7	3
   455	184	7	2
   456	181	8	19
   456	187	9	6
   457	59	10	17
   457	551	9	10
   457	564	12	12
   458	455	6	19
   459	465	11	13
   460	202	6	9
   461	23	14	19
   461	187	10	12
   462	459	13	20
   463	3	14	2
   464	1	11	6
   464	460	9	17
   464	481	13	7
   465	1	9	14
   465	3	14	7
   465	183	6	11
   466	468	9	16
   467	466	11	15
   467	468	5	11
   468	350	14	9
   468	467	5	2
   469	498	8	17
   470	467	5	6
   471	193	8	8
   471	280	10	5
   472	191	13	10
   472	225	12	3
   472	474	12	19
   473	15	7	11
   473	16	8	14
   473	193	8	16
   473	281	14	20
   474	225	14	3
   475	15	11	7
   475	451	6	18
   475	476	10	7
   476	15	14	16
   476	475	14	9
   476	477	6	18
   477	15	12	7
   477	473	6	10
   478	48	14	16
   478	49	9	15
   479	48	14	16
   479	59	8	9
   479	478	10	2
   480	484	5	18
   480	487	5	17
   481	1	6	16
   481	464	8	9
   482	347	14	5
   482	443	8	9
   483	29	13	17
   483	486	6	10
   484	141	11	16
   484	161	8	13
   484	485	14	11
   484	547	11	11
   485	161	5	11
   485	483	9	14
   486	29	14	4
   486	186	8	6
   486	485	8	13
   487	480	13	18
   487	482	6	13
   488	435	12	2
   489	26	11	5
   489	490	5	20
   490	26	10	2
   490	489	14	2
   490	550	14	18
   491	489	13	3
   491	492	13	17
   492	434	10	13
   492	490	12	10
   492	491	8	18
   492	511	5	14
   492	552	5	8
   492	563	8	14
   493	490	8	1
   494	240	10	8
   494	278	7	18
   494	495	11	2
   495	88	8	16
   495	577	9	19
   496	494	8	9
   496	537	11	9
   497	348	10	9
   497	469	6	19
   498	237	13	19
   498	435	14	14
   498	497	5	14
   499	445	6	17
   500	502	10	6
   501	498	5	12
   501	502	7	1
   502	5	6	20
   502	401	11	8
   502	553	9	20
   503	505	13	1
   503	506	10	9
   503	510	10	9
   504	16	12	4
   504	432	10	18
   504	507	6	1
   505	511	9	13
   506	505	14	7
   506	509	8	6
   506	510	11	12
   507	16	9	20
   507	473	12	7
   507	475	6	19
   508	599	14	9
   509	510	8	20
   510	505	11	7
   510	506	10	7
   510	509	13	8
   510	511	7	15
   510	562	5	7
   511	492	14	7
   511	503	5	5
   511	510	7	1
   511	562	14	12
   512	513	8	13
   512	514	12	18
   513	515	7	15
   514	512	12	13
   515	512	13	17
   515	516	13	2
   516	172	6	4
   516	515	11	10
   517	376	11	3
   518	376	14	13
   518	517	8	13
   519	347	6	20
   519	522	7	13
   519	541	5	17
   520	349	7	6
   520	522	10	19
   521	575	13	9
   522	346	14	17
   522	349	7	17
   522	519	5	19
   522	520	13	5
   523	543	11	16
   524	528	13	5
   524	531	8	3
   525	533	9	3
   526	524	6	11
   526	525	10	1
   527	530	11	1
   527	544	8	16
   527	545	12	13
   527	574	12	5
   528	529	14	20
   529	28	11	3
   529	349	14	19
   529	528	11	13
   529	531	9	11
   530	28	13	1
   531	526	5	16
   531	528	8	20
   532	527	9	15
   532	533	6	8
   532	534	13	4
   533	532	12	6
   534	532	8	13
   534	573	5	1
   535	11	7	3
   535	239	13	3
   535	244	14	1
   536	494	6	19
   537	224	6	19
   538	386	6	11
   539	14	14	15
   539	171	14	6
   540	14	14	8
   540	538	9	9
   541	231	8	8
   542	543	7	18
   543	546	14	9
   544	196	6	1
   544	200	13	5
   544	542	14	14
   545	201	14	5
   545	574	12	5
   546	542	12	16
   546	544	13	15
   547	422	10	9
   549	3	9	6
   549	550	11	7
   550	3	12	4
   550	463	12	18
   550	493	7	1
   551	59	13	4
   551	457	12	1
   552	457	7	6
   553	558	6	8
   553	561	13	1
   554	499	9	8
   554	501	5	10
   554	555	12	13
   555	417	10	6
   556	499	6	8
   556	501	13	4
   556	554	11	12
   556	555	5	13
   557	558	12	3
   558	501	5	20
   558	560	10	12
   559	557	7	20
   560	499	6	1
   560	501	12	12
   560	554	5	17
   561	286	7	14
   562	61	11	8
   562	510	12	13
   562	511	5	1
   563	492	11	3
   564	490	12	1
   564	552	9	18
   564	563	8	9
   565	217	5	16
   565	566	8	15
   566	189	12	10
   566	565	5	11
   566	567	5	16
   567	73	6	7
   567	264	7	18
   568	80	5	8
   569	53	10	15
   569	382	7	7
   569	383	12	13
   569	396	7	12
   570	340	10	6
   570	343	12	8
   570	379	13	4
   571	336	12	10
   571	340	12	10
   571	343	5	15
   571	365	9	14
   571	366	14	1
   571	369	9	15
   571	379	6	17
   573	534	14	9
   574	527	16	20
   574	545	14	5
   574	575	17	1
   575	458	13	12
   575	573	11	19
   575	574	7	13
   576	575	9	10
   577	207	6	7
   578	42	9	9
   578	377	14	16
   578	571	5	8
   579	345	10	11
   579	392	5	11
   580	31	7	15
   580	412	12	9
   581	584	7	11
   582	581	12	1
   582	585	6	7
   583	582	7	3
   584	333	7	12
   585	343	13	5
   585	375	6	10
   586	60	5	7
   586	319	10	14
   586	587	13	11
   587	18	8	14
   587	218	6	7
   587	219	14	11
   587	588	12	20
   588	586	8	16
   589	45	5	20
   589	208	12	20
   589	313	9	20
   592	397	5	12
   593	363	11	3
   594	309	7	18
   596	266	8	5
   597	596	7	12
   598	305	10	16
   599	16	14	5
   599	432	7	8
   599	507	11	16
   600	8	9	15
   600	141	9	10
   600	161	5	10
   600	485	8	15
   600	547	11	12
	;
