
Circuit: Titulo: Circuito Inversor c/ transistor MOS

Warning: Pd = 0 is less than W.
Warning: Ps = 0 is less than W.
Warning: Pd = 0 is less than W.
Warning: Ps = 0 is less than W.
Circuit: Titulo: Circuito Inversor c/ transistor MOS
Date: Mon Sep 13 10:42:58  2010


                  Titulo: Circuito Inversor c/ transistor MOS
                  Transient Analysis  Mon Sep 13 10:42:58  2010
--------------------------------------------------------------------------------
Index   time            v(2)            v(3)            v(10)           
--------------------------------------------------------------------------------
0	0.000000e+00	0.000000e+00	1.200000e+01	1.200000e+00	
1	1.000000e-14	1.200000e-01	1.211042e+01	1.200000e+00	
2	2.000000e-14	2.400000e-01	1.222071e+01	1.200000e+00	
3	4.000000e-14	4.800000e-01	1.244188e+01	1.200000e+00	
4	8.000000e-14	9.600000e-01	1.286796e+01	1.200000e+00	
5	1.600000e-13	1.920000e+00	1.339961e+01	1.200000e+00	
6	2.457566e-13	2.949079e+00	1.368126e+01	1.200000e+00	
7	3.506877e-13	4.208253e+00	1.389826e+01	1.200000e+00	
8	5.396262e-13	6.475515e+00	1.403400e+01	1.200000e+00	
9	5.708900e-13	6.850680e+00	1.404558e+01	1.200000e+00	
10	6.334177e-13	7.601012e+00	1.405991e+01	1.200000e+00	
11	7.584729e-13	9.101675e+00	1.407160e+01	1.200000e+00	
12	1.000000e-12	1.200000e+01	1.407412e+01	1.200000e+00	
13	1.005263e-12	1.200000e+01	1.401996e+01	1.200000e+00	
14	1.015788e-12	1.200000e+01	1.392192e+01	1.200000e+00	
15	1.036838e-12	1.200000e+01	1.376105e+01	1.200000e+00	
16	1.062995e-12	1.200000e+01	1.359366e+01	1.200000e+00	
17	1.087553e-12	1.200000e+01	1.346024e+01	1.200000e+00	
18	1.136668e-12	1.200000e+01	1.324766e+01	1.200000e+00	
19	1.234898e-12	1.200000e+01	1.297229e+01	1.200000e+00	
20	1.430709e-12	1.200000e+01	1.272511e+01	1.200000e+00	
21	1.635212e-12	1.200000e+01	1.264290e+01	1.200000e+00	
22	2.044219e-12	1.200000e+01	1.255186e+01	1.200000e+00	
23	2.639766e-12	1.200000e+01	1.231864e+01	1.200000e+00	
24	3.386703e-12	1.200000e+01	1.193340e+01	1.200000e+00	
25	4.249453e-12	1.200000e+01	1.142030e+01	1.200000e+00	
26	5.347940e-12	1.200000e+01	1.068609e+01	1.200000e+00	
27	6.587145e-12	1.200000e+01	9.810288e+00	1.200000e+00	
28	9.065554e-12	1.200000e+01	8.073282e+00	1.200000e+00	
29	1.328360e-11	1.200000e+01	6.677194e+00	1.200000e+00	
30	1.761124e-11	1.200000e+01	6.268568e+00	1.200000e+00	
31	2.515950e-11	1.200000e+01	5.766873e+00	1.200000e+00	
32	3.263193e-11	1.200000e+01	5.398760e+00	1.200000e+00	
33	4.757679e-11	1.200000e+01	4.790475e+00	1.200000e+00	
34	7.746651e-11	1.200000e+01	3.907952e+00	1.200000e+00	
35	1.372460e-10	1.200000e+01	2.701955e+00	1.200000e+00	
36	2.568048e-10	1.200000e+01	1.350094e+00	1.200000e+00	
37	4.479810e-10	1.200000e+01	4.204587e-01	1.200000e+00	
38	6.880581e-10	1.200000e+01	9.379580e-02	1.200000e+00	
39	9.951211e-10	1.200000e+01	3.910898e-03	1.200000e+00	
40	1.425686e-09	1.200000e+01	3.521833e-03	1.200000e+00	
41	2.168824e-09	1.200000e+01	-3.939498e-03	1.200000e+00	
42	3.168824e-09	1.200000e+01	4.057786e-03	1.200000e+00	
43	4.168824e-09	1.200000e+01	-4.111033e-03	1.200000e+00	
44	5.168824e-09	1.200000e+01	4.135186e-03	1.200000e+00	
45	6.168824e-09	1.200000e+01	-4.144917e-03	1.200000e+00	
46	7.168824e-09	1.200000e+01	4.148345e-03	1.200000e+00	
47	8.168824e-09	1.200000e+01	-4.148498e-03	1.200000e+00	
48	9.168824e-09	1.200000e+01	4.147367e-03	1.200000e+00	
49	1.016882e-08	1.200000e+01	-4.145413e-03	1.200000e+00	
50	1.116882e-08	1.200000e+01	4.143281e-03	1.200000e+00	
51	1.216882e-08	1.200000e+01	-4.140866e-03	1.200000e+00	
52	1.316882e-08	1.200000e+01	4.138516e-03	1.200000e+00	
53	1.416882e-08	1.200000e+01	-4.136003e-03	1.200000e+00	
54	1.500100e-08	1.200000e+01	4.133111e-03	1.200000e+00	
55	1.500101e-08	1.185000e+01	-1.158862e-01	1.200000e+00	
56	1.500104e-08	1.155000e+01	-3.634483e-01	1.200000e+00	
57	1.500109e-08	1.095000e+01	-8.406091e-01	1.200000e+00	
58	1.500116e-08	1.007521e+01	-1.142652e+00	1.200000e+00	
59	1.500126e-08	8.895651e+00	-1.264267e+00	1.200000e+00	
60	1.500137e-08	7.588102e+00	-1.391444e+00	1.200000e+00	
61	1.500159e-08	4.973002e+00	-1.436115e+00	1.200000e+00	
62	1.500162e-08	4.510286e+00	-1.447927e+00	1.200000e+00	
63	1.500170e-08	3.584852e+00	-1.455943e+00	1.200000e+00	
64	1.500186e-08	1.733986e+00	-1.457658e+00	1.200000e+00	
65	1.500200e-08	1.248768e-11	-1.460605e+00	1.200000e+00	
66	1.500200e-08	0.000000e+00	-1.429673e+00	1.200000e+00	
67	1.500201e-08	0.000000e+00	-1.377051e+00	1.200000e+00	
68	1.500202e-08	0.000000e+00	-1.304539e+00	1.200000e+00	
69	1.500204e-08	0.000000e+00	-1.235616e+00	1.200000e+00	
70	1.500206e-08	0.000000e+00	-1.167763e+00	1.200000e+00	
71	1.500209e-08	0.000000e+00	-1.073556e+00	1.200000e+00	
72	1.500216e-08	0.000000e+00	-9.419105e-01	1.200000e+00	
73	1.500228e-08	0.000000e+00	-8.013975e-01	1.200000e+00	
74	1.500253e-08	0.000000e+00	-6.952678e-01	1.200000e+00	
75	1.500290e-08	0.000000e+00	-6.582948e-01	1.200000e+00	
76	1.500363e-08	0.000000e+00	-6.202991e-01	1.200000e+00	
77	1.500471e-08	0.000000e+00	-5.517086e-01	1.200000e+00	
78	1.500621e-08	0.000000e+00	-3.312699e-01	1.200000e+00	
79	1.500884e-08	0.000000e+00	1.864996e-01	1.200000e+00	
80	1.501155e-08	0.000000e+00	8.183390e-01	1.200000e+00	
81	1.501698e-08	0.000000e+00	2.162731e+00	1.200000e+00	
82	1.502331e-08	0.000000e+00	3.337332e+00	1.200000e+00	
83	1.503598e-08	0.000000e+00	4.039319e+00	1.200000e+00	
84	1.504853e-08	0.000000e+00	4.473886e+00	1.200000e+00	
85	1.506282e-08	0.000000e+00	4.881279e+00	1.200000e+00	
86	1.509138e-08	0.000000e+00	5.522829e+00	1.200000e+00	
87	1.514852e-08	0.000000e+00	6.504725e+00	1.200000e+00	
88	1.525324e-08	0.000000e+00	7.790249e+00	1.200000e+00	
89	1.545414e-08	0.000000e+00	9.399851e+00	1.200000e+00	
90	1.574484e-08	0.000000e+00	1.068811e+01	1.200000e+00	
91	1.627600e-08	0.000000e+00	1.167229e+01	1.200000e+00	
92	1.698381e-08	0.000000e+00	1.196170e+01	1.200000e+00	
93	1.798381e-08	0.000000e+00	1.200444e+01	1.200000e+00	
94	1.898381e-08	0.000000e+00	1.199772e+01	1.200000e+00	
95	1.998381e-08	0.000000e+00	1.200210e+01	1.200000e+00	
96	2.098381e-08	0.000000e+00	1.199788e+01	1.200000e+00	
97	2.198381e-08	0.000000e+00	1.200212e+01	1.200000e+00	
98	2.298381e-08	0.000000e+00	1.199788e+01	1.200000e+00	
99	2.398381e-08	0.000000e+00	1.200212e+01	1.200000e+00	
100	2.498381e-08	0.000000e+00	1.199789e+01	1.200000e+00	
101	2.598381e-08	0.000000e+00	1.200212e+01	1.200000e+00	
102	2.698381e-08	0.000000e+00	1.199789e+01	1.200000e+00	
103	2.798381e-08	0.000000e+00	1.200212e+01	1.200000e+00	
104	2.898381e-08	0.000000e+00	1.199789e+01	1.200000e+00	
105	2.998381e-08	0.000000e+00	1.200211e+01	1.200000e+00	
106	3.000000e-08	0.000000e+00	1.199799e+01	1.200000e+00	
107	3.000001e-08	1.500000e-01	1.213600e+01	1.200000e+00	
108	3.000004e-08	4.500000e-01	1.241293e+01	1.200000e+00	
109	3.000009e-08	1.050000e+00	1.292411e+01	1.200000e+00	
110	3.000019e-08	2.250000e+00	1.351615e+01	1.200000e+00	
111	3.000031e-08	3.691460e+00	1.382154e+01	1.200000e+00	
112	3.000042e-08	5.034653e+00	1.397336e+01	1.200000e+00	
113	3.000064e-08	7.721040e+00	1.406050e+01	1.200000e+00	
114	3.000068e-08	8.179410e+00	1.406799e+01	1.200000e+00	
115	3.000076e-08	9.096150e+00	1.407442e+01	1.200000e+00	
116	3.000091e-08	1.092963e+01	1.407512e+01	1.200000e+00	
117	3.000100e-08	1.200000e+01	1.407371e+01	1.200000e+00	
118	3.000100e-08	1.200000e+01	1.404915e+01	1.200000e+00	
119	3.000101e-08	1.200000e+01	1.400269e+01	1.200000e+00	
120	3.000102e-08	1.200000e+01	1.392161e+01	1.200000e+00	
121	3.000103e-08	1.200000e+01	1.380219e+01	1.200000e+00	
122	3.000105e-08	1.200000e+01	1.369067e+01	1.200000e+00	
123	3.000108e-08	1.200000e+01	1.352304e+01	1.200000e+00	
124	3.000113e-08	1.200000e+01	1.327327e+01	1.200000e+00	
125	3.000124e-08	1.200000e+01	1.296387e+01	1.200000e+00	
126	3.000140e-08	1.200000e+01	1.274890e+01	1.200000e+00	
127	3.000162e-08	1.200000e+01	1.264603e+01	1.200000e+00	
128	3.000199e-08	1.200000e+01	1.256745e+01	1.200000e+00	
129	3.000262e-08	1.200000e+01	1.232797e+01	1.200000e+00	
130	3.000339e-08	1.200000e+01	1.192730e+01	1.200000e+00	
131	3.000425e-08	1.200000e+01	1.141583e+01	1.200000e+00	
132	3.000537e-08	1.200000e+01	1.067088e+01	1.200000e+00	
133	3.000662e-08	1.200000e+01	9.786187e+00	1.200000e+00	
134	3.000912e-08	1.200000e+01	8.034658e+00	1.200000e+00	
135	3.001333e-08	1.200000e+01	6.671205e+00	1.200000e+00	
136	3.001764e-08	1.200000e+01	6.266129e+00	1.200000e+00	
137	3.002419e-08	1.200000e+01	5.821967e+00	1.200000e+00	
138	3.003060e-08	1.200000e+01	5.492840e+00	1.200000e+00	
139	3.004344e-08	1.200000e+01	4.938367e+00	1.200000e+00	
140	3.006912e-08	1.200000e+01	4.126893e+00	1.200000e+00	
141	3.012047e-08	1.200000e+01	2.986354e+00	1.200000e+00	
142	3.022317e-08	1.200000e+01	1.642577e+00	1.200000e+00	
143	3.040939e-08	1.200000e+01	5.302637e-01	1.200000e+00	
144	3.063441e-08	1.200000e+01	1.335422e-01	1.200000e+00	
145	3.092308e-08	1.200000e+01	1.128508e-02	1.200000e+00	
146	3.127751e-08	1.200000e+01	4.619574e-03	1.200000e+00	
147	3.188333e-08	1.200000e+01	-4.398414e-03	1.200000e+00	
148	3.288333e-08	1.200000e+01	4.356292e-03	1.200000e+00	
149	3.388333e-08	1.200000e+01	-4.335338e-03	1.200000e+00	
150	3.488333e-08	1.200000e+01	4.324110e-03	1.200000e+00	
151	3.588333e-08	1.200000e+01	-4.317440e-03	1.200000e+00	
152	3.688333e-08	1.200000e+01	4.313016e-03	1.200000e+00	
153	3.788333e-08	1.200000e+01	-4.309494e-03	1.200000e+00	
154	3.888333e-08	1.200000e+01	4.306571e-03	1.200000e+00	
155	3.988333e-08	1.200000e+01	-4.303745e-03	1.200000e+00	
156	4.088333e-08	1.200000e+01	4.301155e-03	1.200000e+00	
157	4.188333e-08	1.200000e+01	-4.298485e-03	1.200000e+00	
158	4.288333e-08	1.200000e+01	4.295972e-03	1.200000e+00	
159	4.388333e-08	1.200000e+01	-4.293339e-03	1.200000e+00	
160	4.488333e-08	1.200000e+01	4.290845e-03	1.200000e+00	
161	4.500100e-08	1.200000e+01	-4.269104e-03	1.200000e+00	
162	4.500101e-08	1.185000e+01	-1.236014e-01	1.200000e+00	
163	4.500104e-08	1.155000e+01	-3.699209e-01	1.200000e+00	
164	4.500109e-08	1.095000e+01	-8.453857e-01	1.200000e+00	
165	4.500116e-08	1.007567e+01	-1.145600e+00	1.200000e+00	
166	4.500126e-08	8.897136e+00	-1.265612e+00	1.200000e+00	
167	4.500137e-08	7.590547e+00	-1.392048e+00	1.200000e+00	
168	4.500159e-08	4.977369e+00	-1.436173e+00	1.200000e+00	
169	4.500162e-08	4.515196e+00	-1.447974e+00	1.200000e+00	
170	4.500170e-08	3.590851e+00	-1.455971e+00	1.200000e+00	
171	4.500185e-08	1.742161e+00	-1.457665e+00	1.200000e+00	
172	4.500200e-08	1.248768e-11	-1.460615e+00	1.200000e+00	
173	4.500200e-08	0.000000e+00	-1.429576e+00	1.200000e+00	
174	4.500201e-08	0.000000e+00	-1.376798e+00	1.200000e+00	
175	4.500202e-08	0.000000e+00	-1.304112e+00	1.200000e+00	
176	4.500204e-08	0.000000e+00	-1.235187e+00	1.200000e+00	
177	4.500206e-08	0.000000e+00	-1.167261e+00	1.200000e+00	
178	4.500209e-08	0.000000e+00	-1.072948e+00	1.200000e+00	
179	4.500216e-08	0.000000e+00	-9.412038e-01	1.200000e+00	
180	4.500229e-08	0.000000e+00	-8.006176e-01	1.200000e+00	
181	4.500254e-08	0.000000e+00	-6.948186e-01	1.200000e+00	
182	4.500290e-08	0.000000e+00	-6.579674e-01	1.200000e+00	
183	4.500364e-08	0.000000e+00	-6.197761e-01	1.200000e+00	
184	4.500472e-08	0.000000e+00	-5.507818e-01	1.200000e+00	
185	4.500623e-08	0.000000e+00	-3.278685e-01	1.200000e+00	
186	4.500885e-08	0.000000e+00	1.901602e-01	1.200000e+00	
187	4.501157e-08	0.000000e+00	8.222813e-01	1.200000e+00	
188	4.501700e-08	0.000000e+00	2.166617e+00	1.200000e+00	
189	4.502335e-08	0.000000e+00	3.340154e+00	1.200000e+00	
190	4.503604e-08	0.000000e+00	4.041860e+00	1.200000e+00	
191	4.504863e-08	0.000000e+00	4.477132e+00	1.200000e+00	
192	4.506296e-08	0.000000e+00	4.884797e+00	1.200000e+00	
193	4.509160e-08	0.000000e+00	5.527332e+00	1.200000e+00	
194	4.514890e-08	0.000000e+00	6.510237e+00	1.200000e+00	
195	4.525449e-08	0.000000e+00	7.803225e+00	1.200000e+00	
196	4.545484e-08	0.000000e+00	9.403938e+00	1.200000e+00	
197	4.574772e-08	0.000000e+00	1.069741e+01	1.200000e+00	
198	4.627795e-08	0.000000e+00	1.167350e+01	1.200000e+00	
199	4.697390e-08	0.000000e+00	1.195923e+01	1.200000e+00	
200	4.797390e-08	0.000000e+00	1.200450e+01	1.200000e+00	
201	4.897390e-08	0.000000e+00	1.199780e+01	1.200000e+00	
202	4.997390e-08	0.000000e+00	1.200199e+01	1.200000e+00	
203	5.000000e-08	0.000000e+00	1.199800e+01	1.200000e+00	

                  Titulo: Circuito Inversor c/ transistor MOS
                  Transient Analysis  Mon Sep 13 10:42:58  2010
--------------------------------------------------------------------------------
Index   time            v(90)           
--------------------------------------------------------------------------------
0	0.000000e+00	1.080000e+01	
1	1.000000e-14	1.080000e+01	
2	2.000000e-14	1.080000e+01	
3	4.000000e-14	1.080000e+01	
4	8.000000e-14	1.080000e+01	
5	1.600000e-13	1.080000e+01	
6	2.457566e-13	1.080000e+01	
7	3.506877e-13	1.080000e+01	
8	5.396262e-13	1.080000e+01	
9	5.708900e-13	1.080000e+01	
10	6.334177e-13	1.080000e+01	
11	7.584729e-13	1.080000e+01	
12	1.000000e-12	1.080000e+01	
13	1.005263e-12	1.080000e+01	
14	1.015788e-12	1.080000e+01	
15	1.036838e-12	1.080000e+01	
16	1.062995e-12	1.080000e+01	
17	1.087553e-12	1.080000e+01	
18	1.136668e-12	1.080000e+01	
19	1.234898e-12	1.080000e+01	
20	1.430709e-12	1.080000e+01	
21	1.635212e-12	1.080000e+01	
22	2.044219e-12	1.080000e+01	
23	2.639766e-12	1.080000e+01	
24	3.386703e-12	1.080000e+01	
25	4.249453e-12	1.080000e+01	
26	5.347940e-12	1.080000e+01	
27	6.587145e-12	1.080000e+01	
28	9.065554e-12	1.080000e+01	
29	1.328360e-11	1.080000e+01	
30	1.761124e-11	1.080000e+01	
31	2.515950e-11	1.080000e+01	
32	3.263193e-11	1.080000e+01	
33	4.757679e-11	1.080000e+01	
34	7.746651e-11	1.080000e+01	
35	1.372460e-10	1.080000e+01	
36	2.568048e-10	1.080000e+01	
37	4.479810e-10	1.080000e+01	
38	6.880581e-10	1.080000e+01	
39	9.951211e-10	1.080000e+01	
40	1.425686e-09	1.080000e+01	
41	2.168824e-09	1.080000e+01	
42	3.168824e-09	1.080000e+01	
43	4.168824e-09	1.080000e+01	
44	5.168824e-09	1.080000e+01	
45	6.168824e-09	1.080000e+01	
46	7.168824e-09	1.080000e+01	
47	8.168824e-09	1.080000e+01	
48	9.168824e-09	1.080000e+01	
49	1.016882e-08	1.080000e+01	
50	1.116882e-08	1.080000e+01	
51	1.216882e-08	1.080000e+01	
52	1.316882e-08	1.080000e+01	
53	1.416882e-08	1.080000e+01	
54	1.500100e-08	1.080000e+01	
55	1.500101e-08	1.080000e+01	
56	1.500104e-08	1.080000e+01	
57	1.500109e-08	1.080000e+01	
58	1.500116e-08	1.080000e+01	
59	1.500126e-08	1.080000e+01	
60	1.500137e-08	1.080000e+01	
61	1.500159e-08	1.080000e+01	
62	1.500162e-08	1.080000e+01	
63	1.500170e-08	1.080000e+01	
64	1.500186e-08	1.080000e+01	
65	1.500200e-08	1.080000e+01	
66	1.500200e-08	1.080000e+01	
67	1.500201e-08	1.080000e+01	
68	1.500202e-08	1.080000e+01	
69	1.500204e-08	1.080000e+01	
70	1.500206e-08	1.080000e+01	
71	1.500209e-08	1.080000e+01	
72	1.500216e-08	1.080000e+01	
73	1.500228e-08	1.080000e+01	
74	1.500253e-08	1.080000e+01	
75	1.500290e-08	1.080000e+01	
76	1.500363e-08	1.080000e+01	
77	1.500471e-08	1.080000e+01	
78	1.500621e-08	1.080000e+01	
79	1.500884e-08	1.080000e+01	
80	1.501155e-08	1.080000e+01	
81	1.501698e-08	1.080000e+01	
82	1.502331e-08	1.080000e+01	
83	1.503598e-08	1.080000e+01	
84	1.504853e-08	1.080000e+01	
85	1.506282e-08	1.080000e+01	
86	1.509138e-08	1.080000e+01	
87	1.514852e-08	1.080000e+01	
88	1.525324e-08	1.080000e+01	
89	1.545414e-08	1.080000e+01	
90	1.574484e-08	1.080000e+01	
91	1.627600e-08	1.080000e+01	
92	1.698381e-08	1.080000e+01	
93	1.798381e-08	1.080000e+01	
94	1.898381e-08	1.080000e+01	
95	1.998381e-08	1.080000e+01	
96	2.098381e-08	1.080000e+01	
97	2.198381e-08	1.080000e+01	
98	2.298381e-08	1.080000e+01	
99	2.398381e-08	1.080000e+01	
100	2.498381e-08	1.080000e+01	
101	2.598381e-08	1.080000e+01	
102	2.698381e-08	1.080000e+01	
103	2.798381e-08	1.080000e+01	
104	2.898381e-08	1.080000e+01	
105	2.998381e-08	1.080000e+01	
106	3.000000e-08	1.080000e+01	
107	3.000001e-08	1.080000e+01	
108	3.000004e-08	1.080000e+01	
109	3.000009e-08	1.080000e+01	
110	3.000019e-08	1.080000e+01	
111	3.000031e-08	1.080000e+01	
112	3.000042e-08	1.080000e+01	
113	3.000064e-08	1.080000e+01	
114	3.000068e-08	1.080000e+01	
115	3.000076e-08	1.080000e+01	
116	3.000091e-08	1.080000e+01	
117	3.000100e-08	1.080000e+01	
118	3.000100e-08	1.080000e+01	
119	3.000101e-08	1.080000e+01	
120	3.000102e-08	1.080000e+01	
121	3.000103e-08	1.080000e+01	
122	3.000105e-08	1.080000e+01	
123	3.000108e-08	1.080000e+01	
124	3.000113e-08	1.080000e+01	
125	3.000124e-08	1.080000e+01	
126	3.000140e-08	1.080000e+01	
127	3.000162e-08	1.080000e+01	
128	3.000199e-08	1.080000e+01	
129	3.000262e-08	1.080000e+01	
130	3.000339e-08	1.080000e+01	
131	3.000425e-08	1.080000e+01	
132	3.000537e-08	1.080000e+01	
133	3.000662e-08	1.080000e+01	
134	3.000912e-08	1.080000e+01	
135	3.001333e-08	1.080000e+01	
136	3.001764e-08	1.080000e+01	
137	3.002419e-08	1.080000e+01	
138	3.003060e-08	1.080000e+01	
139	3.004344e-08	1.080000e+01	
140	3.006912e-08	1.080000e+01	
141	3.012047e-08	1.080000e+01	
142	3.022317e-08	1.080000e+01	
143	3.040939e-08	1.080000e+01	
144	3.063441e-08	1.080000e+01	
145	3.092308e-08	1.080000e+01	
146	3.127751e-08	1.080000e+01	
147	3.188333e-08	1.080000e+01	
148	3.288333e-08	1.080000e+01	
149	3.388333e-08	1.080000e+01	
150	3.488333e-08	1.080000e+01	
151	3.588333e-08	1.080000e+01	
152	3.688333e-08	1.080000e+01	
153	3.788333e-08	1.080000e+01	
154	3.888333e-08	1.080000e+01	
155	3.988333e-08	1.080000e+01	
156	4.088333e-08	1.080000e+01	
157	4.188333e-08	1.080000e+01	
158	4.288333e-08	1.080000e+01	
159	4.388333e-08	1.080000e+01	
160	4.488333e-08	1.080000e+01	
161	4.500100e-08	1.080000e+01	
162	4.500101e-08	1.080000e+01	
163	4.500104e-08	1.080000e+01	
164	4.500109e-08	1.080000e+01	
165	4.500116e-08	1.080000e+01	
166	4.500126e-08	1.080000e+01	
167	4.500137e-08	1.080000e+01	
168	4.500159e-08	1.080000e+01	
169	4.500162e-08	1.080000e+01	
170	4.500170e-08	1.080000e+01	
171	4.500185e-08	1.080000e+01	
172	4.500200e-08	1.080000e+01	
173	4.500200e-08	1.080000e+01	
174	4.500201e-08	1.080000e+01	
175	4.500202e-08	1.080000e+01	
176	4.500204e-08	1.080000e+01	
177	4.500206e-08	1.080000e+01	
178	4.500209e-08	1.080000e+01	
179	4.500216e-08	1.080000e+01	
180	4.500229e-08	1.080000e+01	
181	4.500254e-08	1.080000e+01	
182	4.500290e-08	1.080000e+01	
183	4.500364e-08	1.080000e+01	
184	4.500472e-08	1.080000e+01	
185	4.500623e-08	1.080000e+01	
186	4.500885e-08	1.080000e+01	
187	4.501157e-08	1.080000e+01	
188	4.501700e-08	1.080000e+01	
189	4.502335e-08	1.080000e+01	
190	4.503604e-08	1.080000e+01	
191	4.504863e-08	1.080000e+01	
192	4.506296e-08	1.080000e+01	
193	4.509160e-08	1.080000e+01	
194	4.514890e-08	1.080000e+01	
195	4.525449e-08	1.080000e+01	
196	4.545484e-08	1.080000e+01	
197	4.574772e-08	1.080000e+01	
198	4.627795e-08	1.080000e+01	
199	4.697390e-08	1.080000e+01	
200	4.797390e-08	1.080000e+01	
201	4.897390e-08	1.080000e+01	
202	4.997390e-08	1.080000e+01	
203	5.000000e-08	1.080000e+01	

elapsed time since last call: 0.000 seconds.

Total elapsed time: 0.000 seconds.

Current dynamic memory usage = 18759680,
Dynamic memory limit = 2147352576.

