
Circuit: Titulo: Circuito NOR4 c/ transistor MOS

Warning: Pd = 0 is less than W.
Warning: Ps = 0 is less than W.
Warning: Pd = 0 is less than W.
Warning: Ps = 0 is less than W.
Circuit: Titulo: Circuito NOR4 c/ transistor MOS
Date: Mon Sep 13 10:41:50  2010


                    Titulo: Circuito NOR4 c/ transistor MOS
                    Transient Analysis  Mon Sep 13 10:41:49  2010
--------------------------------------------------------------------------------
Index   time            v(2)            v(3)            v(4)            
--------------------------------------------------------------------------------
0	0.000000e+00	0.000000e+00	0.000000e+00	0.000000e+00	
1	1.000000e-14	1.230000e-01	1.210000e-01	1.190000e-01	
2	2.000000e-14	2.460000e-01	2.420000e-01	2.380000e-01	
3	4.000000e-14	4.920000e-01	4.840000e-01	4.760000e-01	
4	8.000000e-14	9.840000e-01	9.680000e-01	9.520000e-01	
5	1.600000e-13	1.968000e+00	1.936000e+00	1.904000e+00	
6	2.453459e-13	3.017754e+00	2.968685e+00	2.919616e+00	
7	3.499409e-13	4.304273e+00	4.234285e+00	4.164297e+00	
8	5.363434e-13	6.597024e+00	6.489755e+00	6.382486e+00	
9	7.840473e-13	9.643782e+00	9.486973e+00	9.330163e+00	
10	8.110414e-13	9.975809e+00	9.813601e+00	9.651393e+00	
11	8.650296e-13	1.063986e+01	1.046686e+01	1.029385e+01	
12	9.730059e-13	1.196797e+01	1.177337e+01	1.157877e+01	
13	1.000000e-12	1.230000e+01	1.210000e+01	1.190000e+01	
14	1.001012e-12	1.230000e+01	1.210000e+01	1.190000e+01	
15	1.003035e-12	1.230000e+01	1.210000e+01	1.190000e+01	
16	1.007082e-12	1.230000e+01	1.210000e+01	1.190000e+01	
17	1.015175e-12	1.230000e+01	1.210000e+01	1.190000e+01	
18	1.022673e-12	1.230000e+01	1.210000e+01	1.190000e+01	
19	1.037669e-12	1.230000e+01	1.210000e+01	1.190000e+01	
20	1.057943e-12	1.230000e+01	1.210000e+01	1.190000e+01	
21	1.098491e-12	1.230000e+01	1.210000e+01	1.190000e+01	
22	1.173128e-12	1.230000e+01	1.210000e+01	1.190000e+01	
23	1.308406e-12	1.230000e+01	1.210000e+01	1.190000e+01	
24	1.519399e-12	1.230000e+01	1.210000e+01	1.190000e+01	
25	1.875744e-12	1.230000e+01	1.210000e+01	1.190000e+01	
26	2.443223e-12	1.230000e+01	1.210000e+01	1.190000e+01	
27	3.131259e-12	1.230000e+01	1.210000e+01	1.190000e+01	
28	4.192483e-12	1.230000e+01	1.210000e+01	1.190000e+01	
29	5.472616e-12	1.230000e+01	1.210000e+01	1.190000e+01	
30	7.502457e-12	1.230000e+01	1.210000e+01	1.190000e+01	
31	1.038855e-11	1.230000e+01	1.210000e+01	1.190000e+01	
32	1.347235e-11	1.230000e+01	1.210000e+01	1.190000e+01	
33	1.822472e-11	1.230000e+01	1.210000e+01	1.190000e+01	
34	2.546677e-11	1.230000e+01	1.210000e+01	1.190000e+01	
35	3.694770e-11	1.230000e+01	1.210000e+01	1.190000e+01	
36	5.990957e-11	1.230000e+01	1.210000e+01	1.190000e+01	
37	9.007919e-11	1.230000e+01	1.210000e+01	1.190000e+01	
38	1.504184e-10	1.230000e+01	1.210000e+01	1.190000e+01	
39	2.710969e-10	1.230000e+01	1.210000e+01	1.190000e+01	
40	4.732395e-10	1.230000e+01	1.210000e+01	1.190000e+01	
41	7.101691e-10	1.230000e+01	1.210000e+01	1.190000e+01	
42	1.030168e-09	1.230000e+01	1.210000e+01	1.190000e+01	
43	1.473364e-09	1.230000e+01	1.210000e+01	1.190000e+01	
44	2.275790e-09	1.230000e+01	1.210000e+01	1.190000e+01	
45	3.880643e-09	1.230000e+01	1.210000e+01	1.190000e+01	
46	7.090348e-09	1.230000e+01	1.210000e+01	1.190000e+01	
47	1.209035e-08	1.230000e+01	1.210000e+01	1.190000e+01	
48	1.500100e-08	1.230000e+01	1.210000e+01	1.190000e+01	
49	1.500101e-08	1.214625e+01	1.210000e+01	1.190000e+01	
50	1.500104e-08	1.183875e+01	1.210000e+01	1.190000e+01	
51	1.500109e-08	1.122375e+01	1.210000e+01	1.190000e+01	
52	1.500114e-08	1.060960e+01	1.210000e+01	1.190000e+01	
53	1.500124e-08	9.381289e+00	1.210000e+01	1.190000e+01	
54	1.500133e-08	8.190679e+00	1.210000e+01	1.190000e+01	
55	1.500153e-08	5.809458e+00	1.210000e+01	1.190000e+01	
56	1.500157e-08	5.280391e+00	1.210000e+01	1.190000e+01	
57	1.500166e-08	4.222255e+00	1.210000e+01	1.190000e+01	
58	1.500183e-08	2.105983e+00	1.210000e+01	1.190000e+01	
59	1.500200e-08	1.279987e-11	1.210000e+01	1.190000e+01	
60	1.500200e-08	0.000000e+00	1.210000e+01	1.190000e+01	
61	1.500201e-08	0.000000e+00	1.210000e+01	1.190000e+01	
62	1.500203e-08	0.000000e+00	1.210000e+01	1.190000e+01	
63	1.500204e-08	0.000000e+00	1.210000e+01	1.190000e+01	
64	1.500207e-08	0.000000e+00	1.210000e+01	1.190000e+01	
65	1.500211e-08	0.000000e+00	1.210000e+01	1.190000e+01	
66	1.500219e-08	0.000000e+00	1.210000e+01	1.190000e+01	
67	1.500233e-08	0.000000e+00	1.210000e+01	1.190000e+01	
68	1.500251e-08	0.000000e+00	1.210000e+01	1.190000e+01	
69	1.500269e-08	0.000000e+00	1.210000e+01	1.190000e+01	
70	1.500303e-08	0.000000e+00	1.210000e+01	1.190000e+01	
71	1.500350e-08	0.000000e+00	1.210000e+01	1.190000e+01	
72	1.500444e-08	0.000000e+00	1.210000e+01	1.190000e+01	
73	1.500631e-08	0.000000e+00	1.210000e+01	1.190000e+01	
74	1.501000e-08	0.000000e+00	1.210000e+01	1.190000e+01	
75	1.501388e-08	0.000000e+00	1.210000e+01	1.190000e+01	
76	1.501985e-08	0.000000e+00	1.210000e+01	1.190000e+01	
77	1.502758e-08	0.000000e+00	1.210000e+01	1.190000e+01	
78	1.504304e-08	0.000000e+00	1.210000e+01	1.190000e+01	
79	1.507318e-08	0.000000e+00	1.210000e+01	1.190000e+01	
80	1.513347e-08	0.000000e+00	1.210000e+01	1.190000e+01	
81	1.525405e-08	0.000000e+00	1.210000e+01	1.190000e+01	
82	1.542503e-08	0.000000e+00	1.210000e+01	1.190000e+01	
83	1.572098e-08	0.000000e+00	1.210000e+01	1.190000e+01	
84	1.610812e-08	0.000000e+00	1.210000e+01	1.190000e+01	
85	1.669140e-08	0.000000e+00	1.210000e+01	1.190000e+01	
86	1.739918e-08	0.000000e+00	1.210000e+01	1.190000e+01	
87	1.856199e-08	0.000000e+00	1.210000e+01	1.190000e+01	
88	2.075221e-08	0.000000e+00	1.210000e+01	1.190000e+01	
89	2.513265e-08	0.000000e+00	1.210000e+01	1.190000e+01	
90	3.000000e-08	0.000000e+00	1.210000e+01	1.190000e+01	
91	3.000001e-08	1.537500e-01	1.210000e+01	1.190000e+01	
92	3.000004e-08	4.612500e-01	1.210000e+01	1.190000e+01	
93	3.000009e-08	1.076250e+00	1.210000e+01	1.190000e+01	
94	3.000019e-08	2.306250e+00	1.210000e+01	1.190000e+01	
95	3.000030e-08	3.678056e+00	1.210000e+01	1.190000e+01	
96	3.000041e-08	5.089302e+00	1.210000e+01	1.190000e+01	
97	3.000063e-08	7.752070e+00	1.210000e+01	1.190000e+01	
98	3.000066e-08	8.148432e+00	1.210000e+01	1.190000e+01	
99	3.000073e-08	8.941158e+00	1.210000e+01	1.190000e+01	
100	3.000086e-08	1.052661e+01	1.210000e+01	1.190000e+01	
101	3.000100e-08	1.230000e+01	1.210000e+01	1.190000e+01	
102	3.000100e-08	1.230000e+01	1.207048e+01	1.190000e+01	
103	3.000101e-08	1.230000e+01	1.201144e+01	1.190000e+01	
104	3.000102e-08	1.230000e+01	1.189335e+01	1.190000e+01	
105	3.000103e-08	1.230000e+01	1.177194e+01	1.190000e+01	
106	3.000104e-08	1.230000e+01	1.163266e+01	1.190000e+01	
107	3.000106e-08	1.230000e+01	1.135412e+01	1.190000e+01	
108	3.000111e-08	1.230000e+01	1.079702e+01	1.190000e+01	
109	3.000119e-08	1.230000e+01	9.752981e+00	1.190000e+01	
110	3.000128e-08	1.230000e+01	8.756910e+00	1.190000e+01	
111	3.000129e-08	1.230000e+01	8.576115e+00	1.190000e+01	
112	3.000132e-08	1.230000e+01	8.214526e+00	1.190000e+01	
113	3.000138e-08	1.230000e+01	7.491347e+00	1.190000e+01	
114	3.000150e-08	1.230000e+01	6.044988e+00	1.190000e+01	
115	3.000174e-08	1.230000e+01	3.152272e+00	1.190000e+01	
116	3.000200e-08	1.230000e+01	0.000000e+00	1.190000e+01	
117	3.000201e-08	1.230000e+01	0.000000e+00	1.190000e+01	
118	3.000202e-08	1.230000e+01	0.000000e+00	1.190000e+01	
119	3.000202e-08	1.230000e+01	0.000000e+00	1.190000e+01	
120	3.000203e-08	1.230000e+01	0.000000e+00	1.190000e+01	
121	3.000204e-08	1.230000e+01	0.000000e+00	1.190000e+01	
122	3.000206e-08	1.230000e+01	0.000000e+00	1.190000e+01	
123	3.000210e-08	1.230000e+01	0.000000e+00	1.190000e+01	
124	3.000219e-08	1.230000e+01	0.000000e+00	1.190000e+01	
125	3.000229e-08	1.230000e+01	0.000000e+00	1.190000e+01	
126	3.000242e-08	1.230000e+01	0.000000e+00	1.190000e+01	
127	3.000260e-08	1.230000e+01	0.000000e+00	1.190000e+01	
128	3.000277e-08	1.230000e+01	0.000000e+00	1.190000e+01	
129	3.000312e-08	1.230000e+01	0.000000e+00	1.190000e+01	
130	3.000381e-08	1.230000e+01	0.000000e+00	1.190000e+01	
131	3.000519e-08	1.230000e+01	0.000000e+00	1.190000e+01	
132	3.000795e-08	1.230000e+01	0.000000e+00	1.190000e+01	
133	3.001099e-08	1.230000e+01	0.000000e+00	1.190000e+01	
134	3.001609e-08	1.230000e+01	0.000000e+00	1.190000e+01	
135	3.002515e-08	1.230000e+01	0.000000e+00	1.190000e+01	
136	3.004328e-08	1.230000e+01	0.000000e+00	1.190000e+01	
137	3.007952e-08	1.230000e+01	0.000000e+00	1.190000e+01	
138	3.015202e-08	1.230000e+01	0.000000e+00	1.190000e+01	
139	3.029700e-08	1.230000e+01	0.000000e+00	1.190000e+01	
140	3.058697e-08	1.230000e+01	0.000000e+00	1.190000e+01	
141	3.093640e-08	1.230000e+01	0.000000e+00	1.190000e+01	
142	3.143689e-08	1.230000e+01	0.000000e+00	1.190000e+01	
143	3.220973e-08	1.230000e+01	0.000000e+00	1.190000e+01	
144	3.375540e-08	1.230000e+01	0.000000e+00	1.190000e+01	
145	3.684674e-08	1.230000e+01	0.000000e+00	1.190000e+01	
146	4.184674e-08	1.230000e+01	0.000000e+00	1.190000e+01	
147	4.500100e-08	1.230000e+01	0.000000e+00	1.190000e+01	
148	4.500101e-08	1.214625e+01	0.000000e+00	1.190000e+01	
149	4.500104e-08	1.183875e+01	0.000000e+00	1.190000e+01	
150	4.500108e-08	1.135206e+01	0.000000e+00	1.190000e+01	
151	4.500112e-08	1.086774e+01	0.000000e+00	1.190000e+01	
152	4.500120e-08	9.899105e+00	0.000000e+00	1.190000e+01	
153	4.500129e-08	8.763820e+00	0.000000e+00	1.190000e+01	
154	4.500143e-08	6.952066e+00	0.000000e+00	1.190000e+01	
155	4.500171e-08	3.556554e+00	0.000000e+00	1.190000e+01	
156	4.500175e-08	3.111985e+00	0.000000e+00	1.190000e+01	
157	4.500182e-08	2.222846e+00	0.000000e+00	1.190000e+01	
158	4.500196e-08	4.445693e-01	0.000000e+00	1.190000e+01	
159	4.500200e-08	1.279987e-11	0.000000e+00	1.190000e+01	
160	4.500200e-08	0.000000e+00	0.000000e+00	1.190000e+01	
161	4.500200e-08	0.000000e+00	0.000000e+00	1.190000e+01	
162	4.500201e-08	0.000000e+00	0.000000e+00	1.190000e+01	
163	4.500202e-08	0.000000e+00	0.000000e+00	1.190000e+01	
164	4.500203e-08	0.000000e+00	0.000000e+00	1.190000e+01	
165	4.500205e-08	0.000000e+00	0.000000e+00	1.190000e+01	
166	4.500208e-08	0.000000e+00	0.000000e+00	1.190000e+01	
167	4.500214e-08	0.000000e+00	0.000000e+00	1.190000e+01	
168	4.500225e-08	0.000000e+00	0.000000e+00	1.190000e+01	
169	4.500244e-08	0.000000e+00	0.000000e+00	1.190000e+01	
170	4.500273e-08	0.000000e+00	0.000000e+00	1.190000e+01	
171	4.500303e-08	0.000000e+00	0.000000e+00	1.190000e+01	
172	4.500362e-08	0.000000e+00	0.000000e+00	1.190000e+01	
173	4.500425e-08	0.000000e+00	0.000000e+00	1.190000e+01	
174	4.500549e-08	0.000000e+00	0.000000e+00	1.190000e+01	
175	4.500799e-08	0.000000e+00	0.000000e+00	1.190000e+01	
176	4.501204e-08	0.000000e+00	0.000000e+00	1.190000e+01	
177	4.501681e-08	0.000000e+00	0.000000e+00	1.190000e+01	
178	4.502383e-08	0.000000e+00	0.000000e+00	1.190000e+01	
179	4.503240e-08	0.000000e+00	0.000000e+00	1.190000e+01	
180	4.504955e-08	0.000000e+00	0.000000e+00	1.190000e+01	
181	4.508386e-08	0.000000e+00	0.000000e+00	1.190000e+01	
182	4.515246e-08	0.000000e+00	0.000000e+00	1.190000e+01	
183	4.528966e-08	0.000000e+00	0.000000e+00	1.190000e+01	
184	4.549461e-08	0.000000e+00	0.000000e+00	1.190000e+01	
185	4.576649e-08	0.000000e+00	0.000000e+00	1.190000e+01	
186	4.629757e-08	0.000000e+00	0.000000e+00	1.190000e+01	
187	4.684534e-08	0.000000e+00	0.000000e+00	1.190000e+01	
188	4.794089e-08	0.000000e+00	0.000000e+00	1.190000e+01	
189	4.928734e-08	0.000000e+00	0.000000e+00	1.190000e+01	
190	5.082439e-08	0.000000e+00	0.000000e+00	1.190000e+01	
191	5.294736e-08	0.000000e+00	0.000000e+00	1.190000e+01	
192	5.614352e-08	0.000000e+00	0.000000e+00	1.190000e+01	
193	6.000000e-08	0.000000e+00	0.000000e+00	1.190000e+01	
194	6.000001e-08	1.537500e-01	1.512500e-01	1.190000e+01	
195	6.000004e-08	4.612500e-01	4.537500e-01	1.190000e+01	
196	6.000009e-08	1.076250e+00	1.058750e+00	1.190000e+01	
197	6.000019e-08	2.306250e+00	2.268750e+00	1.190000e+01	
198	6.000030e-08	3.673201e+00	3.613474e+00	1.190000e+01	
199	6.000040e-08	4.936289e+00	4.856024e+00	1.190000e+01	
200	6.000061e-08	7.462466e+00	7.341125e+00	1.190000e+01	
201	6.000082e-08	1.009243e+01	9.928325e+00	1.190000e+01	
202	6.000084e-08	1.036838e+01	1.019978e+01	1.190000e+01	
203	6.000089e-08	1.092027e+01	1.074270e+01	1.190000e+01	
204	6.000098e-08	1.202405e+01	1.182854e+01	1.190000e+01	
205	6.000100e-08	1.230000e+01	1.210000e+01	1.190000e+01	
206	6.000100e-08	1.230000e+01	1.210000e+01	1.188776e+01	
207	6.000100e-08	1.230000e+01	1.210000e+01	1.186328e+01	
208	6.000101e-08	1.230000e+01	1.210000e+01	1.181433e+01	
209	6.000102e-08	1.230000e+01	1.210000e+01	1.171642e+01	
210	6.000102e-08	1.230000e+01	1.210000e+01	1.161276e+01	
211	6.000104e-08	1.230000e+01	1.210000e+01	1.140545e+01	
212	6.000106e-08	1.230000e+01	1.210000e+01	1.115969e+01	
213	6.000110e-08	1.230000e+01	1.210000e+01	1.066817e+01	
214	6.000119e-08	1.230000e+01	1.210000e+01	9.685127e+00	
215	6.000131e-08	1.230000e+01	1.210000e+01	8.196496e+00	
216	6.000148e-08	1.230000e+01	1.210000e+01	6.241799e+00	
217	6.000151e-08	1.230000e+01	1.210000e+01	5.803017e+00	
218	6.000159e-08	1.230000e+01	1.210000e+01	4.925452e+00	
219	6.000173e-08	1.230000e+01	1.210000e+01	3.170322e+00	
220	6.000200e-08	1.230000e+01	1.210000e+01	0.000000e+00	
221	6.000201e-08	1.230000e+01	1.210000e+01	0.000000e+00	
222	6.000202e-08	1.230000e+01	1.210000e+01	0.000000e+00	
223	6.000205e-08	1.230000e+01	1.210000e+01	0.000000e+00	
224	6.000208e-08	1.230000e+01	1.210000e+01	0.000000e+00	
225	6.000212e-08	1.230000e+01	1.210000e+01	0.000000e+00	
226	6.000220e-08	1.230000e+01	1.210000e+01	0.000000e+00	
227	6.000228e-08	1.230000e+01	1.210000e+01	0.000000e+00	
228	6.000241e-08	1.230000e+01	1.210000e+01	0.000000e+00	
229	6.000258e-08	1.230000e+01	1.210000e+01	0.000000e+00	
230	6.000273e-08	1.230000e+01	1.210000e+01	0.000000e+00	
231	6.000303e-08	1.230000e+01	1.210000e+01	0.000000e+00	
232	6.000362e-08	1.230000e+01	1.210000e+01	0.000000e+00	
233	6.000482e-08	1.230000e+01	1.210000e+01	0.000000e+00	
234	6.000720e-08	1.230000e+01	1.210000e+01	0.000000e+00	
235	6.001069e-08	1.230000e+01	1.210000e+01	0.000000e+00	
236	6.001545e-08	1.230000e+01	1.210000e+01	0.000000e+00	
237	6.002392e-08	1.230000e+01	1.210000e+01	0.000000e+00	
238	6.004087e-08	1.230000e+01	1.210000e+01	0.000000e+00	
239	6.007146e-08	1.230000e+01	1.210000e+01	0.000000e+00	
240	6.013263e-08	1.230000e+01	1.210000e+01	0.000000e+00	
241	6.024739e-08	1.230000e+01	1.210000e+01	0.000000e+00	
242	6.037336e-08	1.230000e+01	1.210000e+01	0.000000e+00	
243	6.055120e-08	1.230000e+01	1.210000e+01	0.000000e+00	
244	6.090330e-08	1.230000e+01	1.210000e+01	0.000000e+00	
245	6.128971e-08	1.230000e+01	1.210000e+01	0.000000e+00	
246	6.197012e-08	1.230000e+01	1.210000e+01	0.000000e+00	
247	6.306806e-08	1.230000e+01	1.210000e+01	0.000000e+00	
248	6.526393e-08	1.230000e+01	1.210000e+01	0.000000e+00	
249	6.965568e-08	1.230000e+01	1.210000e+01	0.000000e+00	
250	7.465568e-08	1.230000e+01	1.210000e+01	0.000000e+00	
251	7.500100e-08	1.230000e+01	1.210000e+01	0.000000e+00	
252	7.500101e-08	1.214625e+01	1.210000e+01	0.000000e+00	
253	7.500104e-08	1.183875e+01	1.210000e+01	0.000000e+00	
254	7.500109e-08	1.122375e+01	1.210000e+01	0.000000e+00	
255	7.500114e-08	1.060969e+01	1.210000e+01	0.000000e+00	
256	7.500122e-08	9.597609e+00	1.210000e+01	0.000000e+00	
257	7.500132e-08	8.324552e+00	1.210000e+01	0.000000e+00	
258	7.500147e-08	6.525532e+00	1.210000e+01	0.000000e+00	
259	7.500176e-08	2.927490e+00	1.210000e+01	0.000000e+00	
260	7.500200e-08	0.000000e+00	1.210000e+01	0.000000e+00	
261	7.500200e-08	0.000000e+00	1.210000e+01	0.000000e+00	
262	7.500201e-08	0.000000e+00	1.210000e+01	0.000000e+00	
263	7.500203e-08	0.000000e+00	1.210000e+01	0.000000e+00	
264	7.500205e-08	0.000000e+00	1.210000e+01	0.000000e+00	
265	7.500208e-08	0.000000e+00	1.210000e+01	0.000000e+00	
266	7.500212e-08	0.000000e+00	1.210000e+01	0.000000e+00	
267	7.500222e-08	0.000000e+00	1.210000e+01	0.000000e+00	
268	7.500239e-08	0.000000e+00	1.210000e+01	0.000000e+00	
269	7.500271e-08	0.000000e+00	1.210000e+01	0.000000e+00	
270	7.500308e-08	0.000000e+00	1.210000e+01	0.000000e+00	
271	7.500363e-08	0.000000e+00	1.210000e+01	0.000000e+00	
272	7.500418e-08	0.000000e+00	1.210000e+01	0.000000e+00	
273	7.500528e-08	0.000000e+00	1.210000e+01	0.000000e+00	
274	7.500730e-08	0.000000e+00	1.210000e+01	0.000000e+00	
275	7.501081e-08	0.000000e+00	1.210000e+01	0.000000e+00	
276	7.501545e-08	0.000000e+00	1.210000e+01	0.000000e+00	
277	7.502181e-08	0.000000e+00	1.210000e+01	0.000000e+00	
278	7.503128e-08	0.000000e+00	1.210000e+01	0.000000e+00	
279	7.504952e-08	0.000000e+00	1.210000e+01	0.000000e+00	
280	7.508602e-08	0.000000e+00	1.210000e+01	0.000000e+00	
281	7.515900e-08	0.000000e+00	1.210000e+01	0.000000e+00	
282	7.530498e-08	0.000000e+00	1.210000e+01	0.000000e+00	
283	7.549860e-08	0.000000e+00	1.210000e+01	0.000000e+00	
284	7.582830e-08	0.000000e+00	1.210000e+01	0.000000e+00	
285	7.626144e-08	0.000000e+00	1.210000e+01	0.000000e+00	
286	7.688879e-08	0.000000e+00	1.210000e+01	0.000000e+00	
287	7.768183e-08	0.000000e+00	1.210000e+01	0.000000e+00	
288	7.895156e-08	0.000000e+00	1.210000e+01	0.000000e+00	
289	8.103838e-08	0.000000e+00	1.210000e+01	0.000000e+00	
290	8.521201e-08	0.000000e+00	1.210000e+01	0.000000e+00	
291	9.000000e-08	0.000000e+00	1.210000e+01	0.000000e+00	
292	9.000001e-08	1.537500e-01	1.210000e+01	0.000000e+00	
293	9.000004e-08	4.612500e-01	1.210000e+01	0.000000e+00	
294	9.000009e-08	1.076250e+00	1.210000e+01	0.000000e+00	
295	9.000019e-08	2.306250e+00	1.210000e+01	0.000000e+00	
296	9.000030e-08	3.678347e+00	1.210000e+01	0.000000e+00	
297	9.000041e-08	4.985877e+00	1.210000e+01	0.000000e+00	
298	9.000058e-08	7.101412e+00	1.210000e+01	0.000000e+00	
299	9.000076e-08	9.403865e+00	1.210000e+01	0.000000e+00	
300	9.000100e-08	1.230000e+01	1.210000e+01	0.000000e+00	
301	9.000100e-08	1.230000e+01	1.206041e+01	0.000000e+00	
302	9.000101e-08	1.230000e+01	1.198124e+01	0.000000e+00	
303	9.000102e-08	1.230000e+01	1.182289e+01	0.000000e+00	
304	9.000104e-08	1.230000e+01	1.165101e+01	0.000000e+00	
305	9.000105e-08	1.230000e+01	1.146404e+01	0.000000e+00	
306	9.000108e-08	1.230000e+01	1.109011e+01	0.000000e+00	
307	9.000115e-08	1.230000e+01	1.034224e+01	0.000000e+00	
308	9.000121e-08	1.230000e+01	9.525901e+00	0.000000e+00	
309	9.000128e-08	1.230000e+01	8.741096e+00	0.000000e+00	
310	9.000138e-08	1.230000e+01	7.486414e+00	0.000000e+00	
311	9.000149e-08	1.230000e+01	6.149533e+00	0.000000e+00	
312	9.000171e-08	1.230000e+01	3.475772e+00	0.000000e+00	
313	9.000174e-08	1.230000e+01	3.147827e+00	0.000000e+00	
314	9.000179e-08	1.230000e+01	2.491938e+00	0.000000e+00	
315	9.000190e-08	1.230000e+01	1.180159e+00	0.000000e+00	
316	9.000200e-08	1.230000e+01	5.262729e-11	0.000000e+00	
317	9.000200e-08	1.230000e+01	0.000000e+00	0.000000e+00	
318	9.000201e-08	1.230000e+01	0.000000e+00	0.000000e+00	
319	9.000202e-08	1.230000e+01	0.000000e+00	0.000000e+00	
320	9.000204e-08	1.230000e+01	0.000000e+00	0.000000e+00	
321	9.000206e-08	1.230000e+01	0.000000e+00	0.000000e+00	
322	9.000209e-08	1.230000e+01	0.000000e+00	0.000000e+00	
323	9.000217e-08	1.230000e+01	0.000000e+00	0.000000e+00	
324	9.000226e-08	1.230000e+01	0.000000e+00	0.000000e+00	
325	9.000236e-08	1.230000e+01	0.000000e+00	0.000000e+00	
326	9.000247e-08	1.230000e+01	0.000000e+00	0.000000e+00	
327	9.000260e-08	1.230000e+01	0.000000e+00	0.000000e+00	
328	9.000286e-08	1.230000e+01	0.000000e+00	0.000000e+00	
329	9.000338e-08	1.230000e+01	0.000000e+00	0.000000e+00	
330	9.000443e-08	1.230000e+01	0.000000e+00	0.000000e+00	
331	9.000622e-08	1.230000e+01	0.000000e+00	0.000000e+00	
332	9.000959e-08	1.230000e+01	0.000000e+00	0.000000e+00	
333	9.001360e-08	1.230000e+01	0.000000e+00	0.000000e+00	
334	9.002161e-08	1.230000e+01	0.000000e+00	0.000000e+00	
335	9.003765e-08	1.230000e+01	0.000000e+00	0.000000e+00	
336	9.005995e-08	1.230000e+01	0.000000e+00	0.000000e+00	
337	9.010457e-08	1.230000e+01	0.000000e+00	0.000000e+00	
338	9.019380e-08	1.230000e+01	0.000000e+00	0.000000e+00	
339	9.029204e-08	1.230000e+01	0.000000e+00	0.000000e+00	
340	9.046342e-08	1.230000e+01	0.000000e+00	0.000000e+00	
341	9.080620e-08	1.230000e+01	0.000000e+00	0.000000e+00	
342	9.117779e-08	1.230000e+01	0.000000e+00	0.000000e+00	
343	9.177459e-08	1.230000e+01	0.000000e+00	0.000000e+00	
344	9.269680e-08	1.230000e+01	0.000000e+00	0.000000e+00	
345	9.454120e-08	1.230000e+01	0.000000e+00	0.000000e+00	
346	9.823002e-08	1.230000e+01	0.000000e+00	0.000000e+00	
347	1.032300e-07	1.230000e+01	0.000000e+00	0.000000e+00	
348	1.050010e-07	1.230000e+01	0.000000e+00	0.000000e+00	
349	1.050010e-07	1.214625e+01	0.000000e+00	0.000000e+00	
350	1.050010e-07	1.183875e+01	0.000000e+00	0.000000e+00	
351	1.050011e-07	1.135971e+01	0.000000e+00	0.000000e+00	
352	1.050011e-07	1.088445e+01	0.000000e+00	0.000000e+00	
353	1.050012e-07	9.933939e+00	0.000000e+00	0.000000e+00	
354	1.050013e-07	8.794428e+00	0.000000e+00	0.000000e+00	
355	1.050014e-07	7.023892e+00	0.000000e+00	0.000000e+00	
356	1.050017e-07	3.743049e+00	0.000000e+00	0.000000e+00	
357	1.050017e-07	3.275168e+00	0.000000e+00	0.000000e+00	
358	1.050018e-07	2.339406e+00	0.000000e+00	0.000000e+00	
359	1.050020e-07	4.678812e-01	0.000000e+00	0.000000e+00	
360	1.050020e-07	0.000000e+00	0.000000e+00	0.000000e+00	
361	1.050020e-07	0.000000e+00	0.000000e+00	0.000000e+00	
362	1.050020e-07	0.000000e+00	0.000000e+00	0.000000e+00	
363	1.050020e-07	0.000000e+00	0.000000e+00	0.000000e+00	
364	1.050020e-07	0.000000e+00	0.000000e+00	0.000000e+00	
365	1.050020e-07	0.000000e+00	0.000000e+00	0.000000e+00	
366	1.050021e-07	0.000000e+00	0.000000e+00	0.000000e+00	
367	1.050021e-07	0.000000e+00	0.000000e+00	0.000000e+00	
368	1.050021e-07	0.000000e+00	0.000000e+00	0.000000e+00	
369	1.050023e-07	0.000000e+00	0.000000e+00	0.000000e+00	
370	1.050024e-07	0.000000e+00	0.000000e+00	0.000000e+00	
371	1.050028e-07	0.000000e+00	0.000000e+00	0.000000e+00	
372	1.050034e-07	0.000000e+00	0.000000e+00	0.000000e+00	
373	1.050045e-07	0.000000e+00	0.000000e+00	0.000000e+00	
374	1.050061e-07	0.000000e+00	0.000000e+00	0.000000e+00	
375	1.050093e-07	0.000000e+00	0.000000e+00	0.000000e+00	
376	1.050132e-07	0.000000e+00	0.000000e+00	0.000000e+00	
377	1.050189e-07	0.000000e+00	0.000000e+00	0.000000e+00	
378	1.050263e-07	0.000000e+00	0.000000e+00	0.000000e+00	
379	1.050408e-07	0.000000e+00	0.000000e+00	0.000000e+00	
380	1.050640e-07	0.000000e+00	0.000000e+00	0.000000e+00	
381	1.050871e-07	0.000000e+00	0.000000e+00	0.000000e+00	
382	1.051333e-07	0.000000e+00	0.000000e+00	0.000000e+00	
383	1.052256e-07	0.000000e+00	0.000000e+00	0.000000e+00	
384	1.054104e-07	0.000000e+00	0.000000e+00	0.000000e+00	
385	1.056025e-07	0.000000e+00	0.000000e+00	0.000000e+00	
386	1.058702e-07	0.000000e+00	0.000000e+00	0.000000e+00	
387	1.062058e-07	0.000000e+00	0.000000e+00	0.000000e+00	
388	1.065890e-07	0.000000e+00	0.000000e+00	0.000000e+00	
389	1.073553e-07	0.000000e+00	0.000000e+00	0.000000e+00	
390	1.080673e-07	0.000000e+00	0.000000e+00	0.000000e+00	
391	1.094913e-07	0.000000e+00	0.000000e+00	0.000000e+00	
392	1.123392e-07	0.000000e+00	0.000000e+00	0.000000e+00	
393	1.151558e-07	0.000000e+00	0.000000e+00	0.000000e+00	
394	1.190227e-07	0.000000e+00	0.000000e+00	0.000000e+00	
395	1.200000e-07	0.000000e+00	0.000000e+00	0.000000e+00	
396	1.200000e-07	1.537500e-01	1.512500e-01	1.487500e-01	
397	1.200000e-07	4.612500e-01	4.537500e-01	4.462500e-01	
398	1.200001e-07	1.076250e+00	1.058750e+00	1.041250e+00	
399	1.200002e-07	2.306250e+00	2.268750e+00	2.231250e+00	
400	1.200003e-07	3.667804e+00	3.608165e+00	3.548526e+00	
401	1.200004e-07	5.058806e+00	4.976549e+00	4.894292e+00	
402	1.200004e-07	5.406556e+00	5.318645e+00	5.230733e+00	
403	1.200005e-07	6.102057e+00	6.002837e+00	5.903616e+00	
404	1.200006e-07	7.493059e+00	7.371221e+00	7.249382e+00	
405	1.200008e-07	1.027506e+01	1.010799e+01	9.940914e+00	
406	1.200010e-07	1.230000e+01	1.210000e+01	1.190000e+01	
407	1.200010e-07	1.230000e+01	1.210000e+01	1.190000e+01	
408	1.200010e-07	1.230000e+01	1.210000e+01	1.190000e+01	
409	1.200010e-07	1.230000e+01	1.210000e+01	1.190000e+01	
410	1.200010e-07	1.230000e+01	1.210000e+01	1.190000e+01	
411	1.200010e-07	1.230000e+01	1.210000e+01	1.190000e+01	
412	1.200011e-07	1.230000e+01	1.210000e+01	1.190000e+01	
413	1.200011e-07	1.230000e+01	1.210000e+01	1.190000e+01	
414	1.200012e-07	1.230000e+01	1.210000e+01	1.190000e+01	
415	1.200014e-07	1.230000e+01	1.210000e+01	1.190000e+01	
416	1.200017e-07	1.230000e+01	1.210000e+01	1.190000e+01	
417	1.200021e-07	1.230000e+01	1.210000e+01	1.190000e+01	
418	1.200027e-07	1.230000e+01	1.210000e+01	1.190000e+01	
419	1.200035e-07	1.230000e+01	1.210000e+01	1.190000e+01	
420	1.200047e-07	1.230000e+01	1.210000e+01	1.190000e+01	
421	1.200069e-07	1.230000e+01	1.210000e+01	1.190000e+01	
422	1.200090e-07	1.230000e+01	1.210000e+01	1.190000e+01	
423	1.200131e-07	1.230000e+01	1.210000e+01	1.190000e+01	
424	1.200173e-07	1.230000e+01	1.210000e+01	1.190000e+01	
425	1.200218e-07	1.230000e+01	1.210000e+01	1.190000e+01	
426	1.200309e-07	1.230000e+01	1.210000e+01	1.190000e+01	
427	1.200490e-07	1.230000e+01	1.210000e+01	1.190000e+01	
428	1.200852e-07	1.230000e+01	1.210000e+01	1.190000e+01	
429	1.201575e-07	1.230000e+01	1.210000e+01	1.190000e+01	
430	1.203022e-07	1.230000e+01	1.210000e+01	1.190000e+01	
431	1.204991e-07	1.230000e+01	1.210000e+01	1.190000e+01	
432	1.207525e-07	1.230000e+01	1.210000e+01	1.190000e+01	
433	1.210515e-07	1.230000e+01	1.210000e+01	1.190000e+01	
434	1.214980e-07	1.230000e+01	1.210000e+01	1.190000e+01	
435	1.222535e-07	1.230000e+01	1.210000e+01	1.190000e+01	
436	1.237647e-07	1.230000e+01	1.210000e+01	1.190000e+01	
437	1.267870e-07	1.230000e+01	1.210000e+01	1.190000e+01	
438	1.317870e-07	1.230000e+01	1.210000e+01	1.190000e+01	
439	1.350010e-07	1.230000e+01	1.210000e+01	1.190000e+01	
440	1.350010e-07	1.214625e+01	1.210000e+01	1.190000e+01	
441	1.350010e-07	1.183875e+01	1.210000e+01	1.190000e+01	
442	1.350011e-07	1.122375e+01	1.210000e+01	1.190000e+01	
443	1.350011e-07	1.060958e+01	1.210000e+01	1.190000e+01	
444	1.350012e-07	9.381241e+00	1.210000e+01	1.190000e+01	
445	1.350013e-07	8.191364e+00	1.210000e+01	1.190000e+01	
446	1.350015e-07	5.811611e+00	1.210000e+01	1.190000e+01	
447	1.350016e-07	5.283058e+00	1.210000e+01	1.190000e+01	
448	1.350017e-07	4.225953e+00	1.210000e+01	1.190000e+01	
449	1.350018e-07	2.111742e+00	1.210000e+01	1.190000e+01	
450	1.350020e-07	9.419444e-11	1.210000e+01	1.190000e+01	
451	1.350020e-07	0.000000e+00	1.210000e+01	1.190000e+01	
452	1.350020e-07	0.000000e+00	1.210000e+01	1.190000e+01	
453	1.350020e-07	0.000000e+00	1.210000e+01	1.190000e+01	
454	1.350020e-07	0.000000e+00	1.210000e+01	1.190000e+01	
455	1.350021e-07	0.000000e+00	1.210000e+01	1.190000e+01	
456	1.350021e-07	0.000000e+00	1.210000e+01	1.190000e+01	
457	1.350022e-07	0.000000e+00	1.210000e+01	1.190000e+01	
458	1.350023e-07	0.000000e+00	1.210000e+01	1.190000e+01	
459	1.350025e-07	0.000000e+00	1.210000e+01	1.190000e+01	
460	1.350027e-07	0.000000e+00	1.210000e+01	1.190000e+01	
461	1.350030e-07	0.000000e+00	1.210000e+01	1.190000e+01	
462	1.350035e-07	0.000000e+00	1.210000e+01	1.190000e+01	
463	1.350044e-07	0.000000e+00	1.210000e+01	1.190000e+01	
464	1.350063e-07	0.000000e+00	1.210000e+01	1.190000e+01	
465	1.350100e-07	0.000000e+00	1.210000e+01	1.190000e+01	
466	1.350139e-07	0.000000e+00	1.210000e+01	1.190000e+01	
467	1.350199e-07	0.000000e+00	1.210000e+01	1.190000e+01	
468	1.350277e-07	0.000000e+00	1.210000e+01	1.190000e+01	
469	1.350432e-07	0.000000e+00	1.210000e+01	1.190000e+01	
470	1.350736e-07	0.000000e+00	1.210000e+01	1.190000e+01	
471	1.351342e-07	0.000000e+00	1.210000e+01	1.190000e+01	
472	1.352556e-07	0.000000e+00	1.210000e+01	1.190000e+01	
473	1.354273e-07	0.000000e+00	1.210000e+01	1.190000e+01	
474	1.357242e-07	0.000000e+00	1.210000e+01	1.190000e+01	
475	1.361129e-07	0.000000e+00	1.210000e+01	1.190000e+01	
476	1.366973e-07	0.000000e+00	1.210000e+01	1.190000e+01	
477	1.374079e-07	0.000000e+00	1.210000e+01	1.190000e+01	
478	1.385600e-07	0.000000e+00	1.210000e+01	1.190000e+01	
479	1.407326e-07	0.000000e+00	1.210000e+01	1.190000e+01	
480	1.450777e-07	0.000000e+00	1.210000e+01	1.190000e+01	
481	1.500000e-07	0.000000e+00	1.210000e+01	1.190000e+01	
482	1.500000e-07	1.537500e-01	1.210000e+01	1.190000e+01	
483	1.500000e-07	4.612500e-01	1.210000e+01	1.190000e+01	
484	1.500001e-07	1.076250e+00	1.210000e+01	1.190000e+01	
485	1.500002e-07	2.306250e+00	1.210000e+01	1.190000e+01	
486	1.500003e-07	3.678104e+00	1.210000e+01	1.190000e+01	
487	1.500004e-07	5.089375e+00	1.210000e+01	1.190000e+01	
488	1.500006e-07	7.752342e+00	1.210000e+01	1.190000e+01	
489	1.500007e-07	8.148688e+00	1.210000e+01	1.190000e+01	
490	1.500007e-07	8.941380e+00	1.210000e+01	1.190000e+01	
491	1.500009e-07	1.052676e+01	1.210000e+01	1.190000e+01	
492	1.500010e-07	1.230000e+01	1.210000e+01	1.190000e+01	
493	1.500010e-07	1.230000e+01	1.207048e+01	1.190000e+01	
494	1.500010e-07	1.230000e+01	1.201144e+01	1.190000e+01	
495	1.500010e-07	1.230000e+01	1.189336e+01	1.190000e+01	
496	1.500010e-07	1.230000e+01	1.177195e+01	1.190000e+01	
497	1.500010e-07	1.230000e+01	1.163268e+01	1.190000e+01	
498	1.500011e-07	1.230000e+01	1.135413e+01	1.190000e+01	
499	1.500011e-07	1.230000e+01	1.079705e+01	1.190000e+01	
500	1.500012e-07	1.230000e+01	9.752967e+00	1.190000e+01	
501	1.500013e-07	1.230000e+01	8.756883e+00	1.190000e+01	
502	1.500013e-07	1.230000e+01	8.576087e+00	1.190000e+01	
503	1.500013e-07	1.230000e+01	8.214497e+00	1.190000e+01	
504	1.500014e-07	1.230000e+01	7.491317e+00	1.190000e+01	
505	1.500015e-07	1.230000e+01	6.044955e+00	1.190000e+01	
506	1.500017e-07	1.230000e+01	3.152233e+00	1.190000e+01	
507	1.500020e-07	1.230000e+01	0.000000e+00	1.190000e+01	
508	1.500020e-07	1.230000e+01	0.000000e+00	1.190000e+01	
509	1.500020e-07	1.230000e+01	0.000000e+00	1.190000e+01	
510	1.500020e-07	1.230000e+01	0.000000e+00	1.190000e+01	
511	1.500020e-07	1.230000e+01	0.000000e+00	1.190000e+01	
512	1.500020e-07	1.230000e+01	0.000000e+00	1.190000e+01	
513	1.500021e-07	1.230000e+01	0.000000e+00	1.190000e+01	
514	1.500021e-07	1.230000e+01	0.000000e+00	1.190000e+01	
515	1.500022e-07	1.230000e+01	0.000000e+00	1.190000e+01	
516	1.500023e-07	1.230000e+01	0.000000e+00	1.190000e+01	
517	1.500024e-07	1.230000e+01	0.000000e+00	1.190000e+01	
518	1.500026e-07	1.230000e+01	0.000000e+00	1.190000e+01	
519	1.500028e-07	1.230000e+01	0.000000e+00	1.190000e+01	
520	1.500031e-07	1.230000e+01	0.000000e+00	1.190000e+01	
521	1.500038e-07	1.230000e+01	0.000000e+00	1.190000e+01	
522	1.500052e-07	1.230000e+01	0.000000e+00	1.190000e+01	
523	1.500079e-07	1.230000e+01	0.000000e+00	1.190000e+01	
524	1.500110e-07	1.230000e+01	0.000000e+00	1.190000e+01	
525	1.500161e-07	1.230000e+01	0.000000e+00	1.190000e+01	
526	1.500252e-07	1.230000e+01	0.000000e+00	1.190000e+01	
527	1.500433e-07	1.230000e+01	0.000000e+00	1.190000e+01	
528	1.500795e-07	1.230000e+01	0.000000e+00	1.190000e+01	
529	1.501520e-07	1.230000e+01	0.000000e+00	1.190000e+01	
530	1.502970e-07	1.230000e+01	0.000000e+00	1.190000e+01	
531	1.505870e-07	1.230000e+01	0.000000e+00	1.190000e+01	
532	1.509364e-07	1.230000e+01	0.000000e+00	1.190000e+01	
533	1.514369e-07	1.230000e+01	0.000000e+00	1.190000e+01	
534	1.522097e-07	1.230000e+01	0.000000e+00	1.190000e+01	
535	1.537553e-07	1.230000e+01	0.000000e+00	1.190000e+01	
536	1.568466e-07	1.230000e+01	0.000000e+00	1.190000e+01	
537	1.618466e-07	1.230000e+01	0.000000e+00	1.190000e+01	
538	1.650010e-07	1.230000e+01	0.000000e+00	1.190000e+01	
539	1.650010e-07	1.214625e+01	0.000000e+00	1.190000e+01	
540	1.650010e-07	1.183875e+01	0.000000e+00	1.190000e+01	
541	1.650011e-07	1.135206e+01	0.000000e+00	1.190000e+01	
542	1.650011e-07	1.086774e+01	0.000000e+00	1.190000e+01	
543	1.650012e-07	9.899104e+00	0.000000e+00	1.190000e+01	
544	1.650013e-07	8.763819e+00	0.000000e+00	1.190000e+01	
545	1.650014e-07	6.952065e+00	0.000000e+00	1.190000e+01	
546	1.650017e-07	3.556553e+00	0.000000e+00	1.190000e+01	
547	1.650017e-07	3.111984e+00	0.000000e+00	1.190000e+01	
548	1.650018e-07	2.222845e+00	0.000000e+00	1.190000e+01	
549	1.650020e-07	4.445691e-01	0.000000e+00	1.190000e+01	
550	1.650020e-07	9.419444e-11	0.000000e+00	1.190000e+01	
551	1.650020e-07	0.000000e+00	0.000000e+00	1.190000e+01	
552	1.650020e-07	0.000000e+00	0.000000e+00	1.190000e+01	
553	1.650020e-07	0.000000e+00	0.000000e+00	1.190000e+01	
554	1.650020e-07	0.000000e+00	0.000000e+00	1.190000e+01	
555	1.650020e-07	0.000000e+00	0.000000e+00	1.190000e+01	
556	1.650021e-07	0.000000e+00	0.000000e+00	1.190000e+01	
557	1.650021e-07	0.000000e+00	0.000000e+00	1.190000e+01	
558	1.650021e-07	0.000000e+00	0.000000e+00	1.190000e+01	
559	1.650023e-07	0.000000e+00	0.000000e+00	1.190000e+01	
560	1.650024e-07	0.000000e+00	0.000000e+00	1.190000e+01	
561	1.650027e-07	0.000000e+00	0.000000e+00	1.190000e+01	
562	1.650030e-07	0.000000e+00	0.000000e+00	1.190000e+01	
563	1.650036e-07	0.000000e+00	0.000000e+00	1.190000e+01	
564	1.650042e-07	0.000000e+00	0.000000e+00	1.190000e+01	
565	1.650055e-07	0.000000e+00	0.000000e+00	1.190000e+01	
566	1.650080e-07	0.000000e+00	0.000000e+00	1.190000e+01	
567	1.650120e-07	0.000000e+00	0.000000e+00	1.190000e+01	
568	1.650168e-07	0.000000e+00	0.000000e+00	1.190000e+01	
569	1.650238e-07	0.000000e+00	0.000000e+00	1.190000e+01	
570	1.650324e-07	0.000000e+00	0.000000e+00	1.190000e+01	
571	1.650496e-07	0.000000e+00	0.000000e+00	1.190000e+01	
572	1.650839e-07	0.000000e+00	0.000000e+00	1.190000e+01	
573	1.651525e-07	0.000000e+00	0.000000e+00	1.190000e+01	
574	1.652897e-07	0.000000e+00	0.000000e+00	1.190000e+01	
575	1.654946e-07	0.000000e+00	0.000000e+00	1.190000e+01	
576	1.657665e-07	0.000000e+00	0.000000e+00	1.190000e+01	
577	1.662976e-07	0.000000e+00	0.000000e+00	1.190000e+01	
578	1.668453e-07	0.000000e+00	0.000000e+00	1.190000e+01	
579	1.679408e-07	0.000000e+00	0.000000e+00	1.190000e+01	
580	1.692873e-07	0.000000e+00	0.000000e+00	1.190000e+01	
581	1.708243e-07	0.000000e+00	0.000000e+00	1.190000e+01	
582	1.729473e-07	0.000000e+00	0.000000e+00	1.190000e+01	
583	1.761435e-07	0.000000e+00	0.000000e+00	1.190000e+01	
584	1.800000e-07	0.000000e+00	0.000000e+00	1.190000e+01	
585	1.800000e-07	1.537500e-01	1.512500e-01	1.190000e+01	
586	1.800000e-07	4.612500e-01	4.537500e-01	1.190000e+01	
587	1.800001e-07	1.076250e+00	1.058750e+00	1.190000e+01	
588	1.800002e-07	2.306250e+00	2.268750e+00	1.190000e+01	
589	1.800003e-07	3.673202e+00	3.613475e+00	1.190000e+01	
590	1.800004e-07	4.936289e+00	4.856024e+00	1.190000e+01	
591	1.800006e-07	7.462464e+00	7.341124e+00	1.190000e+01	
592	1.800008e-07	1.009243e+01	9.928323e+00	1.190000e+01	
593	1.800008e-07	1.036837e+01	1.019978e+01	1.190000e+01	
594	1.800009e-07	1.092027e+01	1.074270e+01	1.190000e+01	
595	1.800010e-07	1.202405e+01	1.182854e+01	1.190000e+01	
596	1.800010e-07	1.230000e+01	1.210000e+01	1.190000e+01	
597	1.800010e-07	1.230000e+01	1.210000e+01	1.188776e+01	
598	1.800010e-07	1.230000e+01	1.210000e+01	1.186328e+01	
599	1.800010e-07	1.230000e+01	1.210000e+01	1.181433e+01	
600	1.800010e-07	1.230000e+01	1.210000e+01	1.171642e+01	
601	1.800010e-07	1.230000e+01	1.210000e+01	1.161276e+01	
602	1.800010e-07	1.230000e+01	1.210000e+01	1.140545e+01	
603	1.800011e-07	1.230000e+01	1.210000e+01	1.115969e+01	
604	1.800011e-07	1.230000e+01	1.210000e+01	1.066817e+01	
605	1.800012e-07	1.230000e+01	1.210000e+01	9.685128e+00	
606	1.800013e-07	1.230000e+01	1.210000e+01	8.196496e+00	
607	1.800015e-07	1.230000e+01	1.210000e+01	6.241800e+00	
608	1.800015e-07	1.230000e+01	1.210000e+01	5.803018e+00	
609	1.800016e-07	1.230000e+01	1.210000e+01	4.925452e+00	
610	1.800017e-07	1.230000e+01	1.210000e+01	3.170321e+00	
611	1.800020e-07	1.230000e+01	1.210000e+01	1.305435e-10	
612	1.800020e-07	1.230000e+01	1.210000e+01	0.000000e+00	
613	1.800020e-07	1.230000e+01	1.210000e+01	0.000000e+00	
614	1.800020e-07	1.230000e+01	1.210000e+01	0.000000e+00	
615	1.800021e-07	1.230000e+01	1.210000e+01	0.000000e+00	
616	1.800021e-07	1.230000e+01	1.210000e+01	0.000000e+00	
617	1.800022e-07	1.230000e+01	1.210000e+01	0.000000e+00	
618	1.800023e-07	1.230000e+01	1.210000e+01	0.000000e+00	
619	1.800024e-07	1.230000e+01	1.210000e+01	0.000000e+00	
620	1.800026e-07	1.230000e+01	1.210000e+01	0.000000e+00	
621	1.800027e-07	1.230000e+01	1.210000e+01	0.000000e+00	
622	1.800030e-07	1.230000e+01	1.210000e+01	0.000000e+00	
623	1.800036e-07	1.230000e+01	1.210000e+01	0.000000e+00	
624	1.800048e-07	1.230000e+01	1.210000e+01	0.000000e+00	
625	1.800072e-07	1.230000e+01	1.210000e+01	0.000000e+00	
626	1.800107e-07	1.230000e+01	1.210000e+01	0.000000e+00	
627	1.800154e-07	1.230000e+01	1.210000e+01	0.000000e+00	
628	1.800239e-07	1.230000e+01	1.210000e+01	0.000000e+00	
629	1.800409e-07	1.230000e+01	1.210000e+01	0.000000e+00	
630	1.800715e-07	1.230000e+01	1.210000e+01	0.000000e+00	
631	1.801326e-07	1.230000e+01	1.210000e+01	0.000000e+00	
632	1.802474e-07	1.230000e+01	1.210000e+01	0.000000e+00	
633	1.803734e-07	1.230000e+01	1.210000e+01	0.000000e+00	
634	1.805512e-07	1.230000e+01	1.210000e+01	0.000000e+00	
635	1.809033e-07	1.230000e+01	1.210000e+01	0.000000e+00	
636	1.812897e-07	1.230000e+01	1.210000e+01	0.000000e+00	
637	1.819701e-07	1.230000e+01	1.210000e+01	0.000000e+00	
638	1.830681e-07	1.230000e+01	1.210000e+01	0.000000e+00	
639	1.852639e-07	1.230000e+01	1.210000e+01	0.000000e+00	
640	1.896557e-07	1.230000e+01	1.210000e+01	0.000000e+00	
641	1.946557e-07	1.230000e+01	1.210000e+01	0.000000e+00	
642	1.950010e-07	1.230000e+01	1.210000e+01	0.000000e+00	
643	1.950010e-07	1.214625e+01	1.210000e+01	0.000000e+00	
644	1.950010e-07	1.183875e+01	1.210000e+01	0.000000e+00	
645	1.950011e-07	1.122375e+01	1.210000e+01	0.000000e+00	
646	1.950011e-07	1.060969e+01	1.210000e+01	0.000000e+00	
647	1.950012e-07	9.597609e+00	1.210000e+01	0.000000e+00	
648	1.950013e-07	8.324552e+00	1.210000e+01	0.000000e+00	
649	1.950015e-07	6.525532e+00	1.210000e+01	0.000000e+00	
650	1.950018e-07	2.927491e+00	1.210000e+01	0.000000e+00	
651	1.950020e-07	9.419444e-11	1.210000e+01	0.000000e+00	
652	1.950020e-07	0.000000e+00	1.210000e+01	0.000000e+00	
653	1.950020e-07	0.000000e+00	1.210000e+01	0.000000e+00	
654	1.950020e-07	0.000000e+00	1.210000e+01	0.000000e+00	
655	1.950021e-07	0.000000e+00	1.210000e+01	0.000000e+00	
656	1.950021e-07	0.000000e+00	1.210000e+01	0.000000e+00	
657	1.950021e-07	0.000000e+00	1.210000e+01	0.000000e+00	
658	1.950022e-07	0.000000e+00	1.210000e+01	0.000000e+00	
659	1.950024e-07	0.000000e+00	1.210000e+01	0.000000e+00	
660	1.950027e-07	0.000000e+00	1.210000e+01	0.000000e+00	
661	1.950031e-07	0.000000e+00	1.210000e+01	0.000000e+00	
662	1.950036e-07	0.000000e+00	1.210000e+01	0.000000e+00	
663	1.950042e-07	0.000000e+00	1.210000e+01	0.000000e+00	
664	1.950053e-07	0.000000e+00	1.210000e+01	0.000000e+00	
665	1.950073e-07	0.000000e+00	1.210000e+01	0.000000e+00	
666	1.950108e-07	0.000000e+00	1.210000e+01	0.000000e+00	
667	1.950154e-07	0.000000e+00	1.210000e+01	0.000000e+00	
668	1.950218e-07	0.000000e+00	1.210000e+01	0.000000e+00	
669	1.950313e-07	0.000000e+00	1.210000e+01	0.000000e+00	
670	1.950495e-07	0.000000e+00	1.210000e+01	0.000000e+00	
671	1.950860e-07	0.000000e+00	1.210000e+01	0.000000e+00	
672	1.951590e-07	0.000000e+00	1.210000e+01	0.000000e+00	
673	1.953050e-07	0.000000e+00	1.210000e+01	0.000000e+00	
674	1.954986e-07	0.000000e+00	1.210000e+01	0.000000e+00	
675	1.958283e-07	0.000000e+00	1.210000e+01	0.000000e+00	
676	1.962614e-07	0.000000e+00	1.210000e+01	0.000000e+00	
677	1.968888e-07	0.000000e+00	1.210000e+01	0.000000e+00	
678	1.976818e-07	0.000000e+00	1.210000e+01	0.000000e+00	
679	1.989516e-07	0.000000e+00	1.210000e+01	0.000000e+00	
680	2.010384e-07	0.000000e+00	1.210000e+01	0.000000e+00	
681	2.052120e-07	0.000000e+00	1.210000e+01	0.000000e+00	
682	2.100000e-07	0.000000e+00	1.210000e+01	0.000000e+00	
683	2.100000e-07	1.537500e-01	1.210000e+01	0.000000e+00	
684	2.100000e-07	4.612500e-01	1.210000e+01	0.000000e+00	
685	2.100001e-07	1.076250e+00	1.210000e+01	0.000000e+00	
686	2.100002e-07	2.306250e+00	1.210000e+01	0.000000e+00	
687	2.100003e-07	3.678347e+00	1.210000e+01	0.000000e+00	
688	2.100004e-07	4.985877e+00	1.210000e+01	0.000000e+00	
689	2.100006e-07	7.101412e+00	1.210000e+01	0.000000e+00	
690	2.100008e-07	9.403865e+00	1.210000e+01	0.000000e+00	
691	2.100010e-07	1.230000e+01	1.210000e+01	0.000000e+00	
692	2.100010e-07	1.230000e+01	1.206041e+01	0.000000e+00	
693	2.100010e-07	1.230000e+01	1.198124e+01	0.000000e+00	
694	2.100010e-07	1.230000e+01	1.182289e+01	0.000000e+00	
695	2.100010e-07	1.230000e+01	1.165101e+01	0.000000e+00	
696	2.100011e-07	1.230000e+01	1.146404e+01	0.000000e+00	
697	2.100011e-07	1.230000e+01	1.109011e+01	0.000000e+00	
698	2.100011e-07	1.230000e+01	1.034224e+01	0.000000e+00	
699	2.100012e-07	1.230000e+01	9.525901e+00	0.000000e+00	
700	2.100013e-07	1.230000e+01	8.741096e+00	0.000000e+00	
701	2.100014e-07	1.230000e+01	7.486414e+00	0.000000e+00	
702	2.100015e-07	1.230000e+01	6.149533e+00	0.000000e+00	
703	2.100017e-07	1.230000e+01	3.475772e+00	0.000000e+00	
704	2.100017e-07	1.230000e+01	3.147827e+00	0.000000e+00	
705	2.100018e-07	1.230000e+01	2.491938e+00	0.000000e+00	
706	2.100019e-07	1.230000e+01	1.180159e+00	0.000000e+00	
707	2.100020e-07	1.230000e+01	0.000000e+00	0.000000e+00	
708	2.100020e-07	1.230000e+01	0.000000e+00	0.000000e+00	
709	2.100020e-07	1.230000e+01	0.000000e+00	0.000000e+00	
710	2.100020e-07	1.230000e+01	0.000000e+00	0.000000e+00	
711	2.100020e-07	1.230000e+01	0.000000e+00	0.000000e+00	
712	2.100021e-07	1.230000e+01	0.000000e+00	0.000000e+00	
713	2.100021e-07	1.230000e+01	0.000000e+00	0.000000e+00	
714	2.100022e-07	1.230000e+01	0.000000e+00	0.000000e+00	
715	2.100023e-07	1.230000e+01	0.000000e+00	0.000000e+00	
716	2.100024e-07	1.230000e+01	0.000000e+00	0.000000e+00	
717	2.100025e-07	1.230000e+01	0.000000e+00	0.000000e+00	
718	2.100026e-07	1.230000e+01	0.000000e+00	0.000000e+00	
719	2.100029e-07	1.230000e+01	0.000000e+00	0.000000e+00	
720	2.100034e-07	1.230000e+01	0.000000e+00	0.000000e+00	
721	2.100044e-07	1.230000e+01	0.000000e+00	0.000000e+00	
722	2.100062e-07	1.230000e+01	0.000000e+00	0.000000e+00	
723	2.100096e-07	1.230000e+01	0.000000e+00	0.000000e+00	
724	2.100136e-07	1.230000e+01	0.000000e+00	0.000000e+00	
725	2.100216e-07	1.230000e+01	0.000000e+00	0.000000e+00	
726	2.100376e-07	1.230000e+01	0.000000e+00	0.000000e+00	
727	2.100600e-07	1.230000e+01	0.000000e+00	0.000000e+00	
728	2.101046e-07	1.230000e+01	0.000000e+00	0.000000e+00	
729	2.101938e-07	1.230000e+01	0.000000e+00	0.000000e+00	
730	2.102920e-07	1.230000e+01	0.000000e+00	0.000000e+00	
731	2.104634e-07	1.230000e+01	0.000000e+00	0.000000e+00	
732	2.108062e-07	1.230000e+01	0.000000e+00	0.000000e+00	
733	2.111778e-07	1.230000e+01	0.000000e+00	0.000000e+00	
734	2.117746e-07	1.230000e+01	0.000000e+00	0.000000e+00	
735	2.126968e-07	1.230000e+01	0.000000e+00	0.000000e+00	
736	2.145412e-07	1.230000e+01	0.000000e+00	0.000000e+00	
737	2.182300e-07	1.230000e+01	0.000000e+00	0.000000e+00	
738	2.232300e-07	1.230000e+01	0.000000e+00	0.000000e+00	
739	2.250010e-07	1.230000e+01	0.000000e+00	0.000000e+00	
740	2.250010e-07	1.214625e+01	0.000000e+00	0.000000e+00	
741	2.250010e-07	1.183875e+01	0.000000e+00	0.000000e+00	
742	2.250011e-07	1.135971e+01	0.000000e+00	0.000000e+00	
743	2.250011e-07	1.088445e+01	0.000000e+00	0.000000e+00	
744	2.250012e-07	9.933939e+00	0.000000e+00	0.000000e+00	
745	2.250013e-07	8.794428e+00	0.000000e+00	0.000000e+00	
746	2.250014e-07	7.023892e+00	0.000000e+00	0.000000e+00	
747	2.250017e-07	3.743049e+00	0.000000e+00	0.000000e+00	
748	2.250017e-07	3.275168e+00	0.000000e+00	0.000000e+00	
749	2.250018e-07	2.339406e+00	0.000000e+00	0.000000e+00	
750	2.250020e-07	4.678812e-01	0.000000e+00	0.000000e+00	
751	2.250020e-07	9.419444e-11	0.000000e+00	0.000000e+00	
752	2.250020e-07	0.000000e+00	0.000000e+00	0.000000e+00	
753	2.250020e-07	0.000000e+00	0.000000e+00	0.000000e+00	
754	2.250020e-07	0.000000e+00	0.000000e+00	0.000000e+00	
755	2.250020e-07	0.000000e+00	0.000000e+00	0.000000e+00	
756	2.250020e-07	0.000000e+00	0.000000e+00	0.000000e+00	
757	2.250021e-07	0.000000e+00	0.000000e+00	0.000000e+00	
758	2.250021e-07	0.000000e+00	0.000000e+00	0.000000e+00	
759	2.250021e-07	0.000000e+00	0.000000e+00	0.000000e+00	
760	2.250023e-07	0.000000e+00	0.000000e+00	0.000000e+00	
761	2.250024e-07	0.000000e+00	0.000000e+00	0.000000e+00	
762	2.250028e-07	0.000000e+00	0.000000e+00	0.000000e+00	
763	2.250034e-07	0.000000e+00	0.000000e+00	0.000000e+00	
764	2.250045e-07	0.000000e+00	0.000000e+00	0.000000e+00	
765	2.250061e-07	0.000000e+00	0.000000e+00	0.000000e+00	
766	2.250093e-07	0.000000e+00	0.000000e+00	0.000000e+00	
767	2.250132e-07	0.000000e+00	0.000000e+00	0.000000e+00	
768	2.250189e-07	0.000000e+00	0.000000e+00	0.000000e+00	
769	2.250263e-07	0.000000e+00	0.000000e+00	0.000000e+00	
770	2.250408e-07	0.000000e+00	0.000000e+00	0.000000e+00	
771	2.250640e-07	0.000000e+00	0.000000e+00	0.000000e+00	
772	2.250871e-07	0.000000e+00	0.000000e+00	0.000000e+00	
773	2.251333e-07	0.000000e+00	0.000000e+00	0.000000e+00	
774	2.252256e-07	0.000000e+00	0.000000e+00	0.000000e+00	
775	2.254104e-07	0.000000e+00	0.000000e+00	0.000000e+00	
776	2.256025e-07	0.000000e+00	0.000000e+00	0.000000e+00	
777	2.258702e-07	0.000000e+00	0.000000e+00	0.000000e+00	
778	2.262058e-07	0.000000e+00	0.000000e+00	0.000000e+00	
779	2.265890e-07	0.000000e+00	0.000000e+00	0.000000e+00	
780	2.273553e-07	0.000000e+00	0.000000e+00	0.000000e+00	
781	2.280673e-07	0.000000e+00	0.000000e+00	0.000000e+00	
782	2.294913e-07	0.000000e+00	0.000000e+00	0.000000e+00	
783	2.323392e-07	0.000000e+00	0.000000e+00	0.000000e+00	
784	2.351558e-07	0.000000e+00	0.000000e+00	0.000000e+00	
785	2.390227e-07	0.000000e+00	0.000000e+00	0.000000e+00	
786	2.400000e-07	0.000000e+00	0.000000e+00	0.000000e+00	
787	2.400000e-07	1.537500e-01	1.512500e-01	1.487500e-01	
788	2.400000e-07	4.612500e-01	4.537500e-01	4.462500e-01	
789	2.400001e-07	1.076250e+00	1.058750e+00	1.041250e+00	
790	2.400002e-07	2.306250e+00	2.268750e+00	2.231250e+00	
791	2.400003e-07	3.667804e+00	3.608165e+00	3.548526e+00	
792	2.400004e-07	5.058806e+00	4.976549e+00	4.894292e+00	
793	2.400004e-07	5.406556e+00	5.318645e+00	5.230733e+00	
794	2.400005e-07	6.102057e+00	6.002837e+00	5.903616e+00	
795	2.400006e-07	7.493059e+00	7.371221e+00	7.249382e+00	
796	2.400008e-07	1.027506e+01	1.010799e+01	9.940914e+00	
797	2.400010e-07	1.230000e+01	1.210000e+01	1.190000e+01	
798	2.400010e-07	1.230000e+01	1.210000e+01	1.190000e+01	
799	2.400010e-07	1.230000e+01	1.210000e+01	1.190000e+01	
800	2.400010e-07	1.230000e+01	1.210000e+01	1.190000e+01	
801	2.400010e-07	1.230000e+01	1.210000e+01	1.190000e+01	
802	2.400010e-07	1.230000e+01	1.210000e+01	1.190000e+01	
803	2.400011e-07	1.230000e+01	1.210000e+01	1.190000e+01	
804	2.400011e-07	1.230000e+01	1.210000e+01	1.190000e+01	
805	2.400012e-07	1.230000e+01	1.210000e+01	1.190000e+01	
806	2.400014e-07	1.230000e+01	1.210000e+01	1.190000e+01	
807	2.400017e-07	1.230000e+01	1.210000e+01	1.190000e+01	
808	2.400021e-07	1.230000e+01	1.210000e+01	1.190000e+01	
809	2.400027e-07	1.230000e+01	1.210000e+01	1.190000e+01	
810	2.400035e-07	1.230000e+01	1.210000e+01	1.190000e+01	
811	2.400047e-07	1.230000e+01	1.210000e+01	1.190000e+01	
812	2.400069e-07	1.230000e+01	1.210000e+01	1.190000e+01	
813	2.400090e-07	1.230000e+01	1.210000e+01	1.190000e+01	
814	2.400131e-07	1.230000e+01	1.210000e+01	1.190000e+01	
815	2.400173e-07	1.230000e+01	1.210000e+01	1.190000e+01	
816	2.400218e-07	1.230000e+01	1.210000e+01	1.190000e+01	
817	2.400309e-07	1.230000e+01	1.210000e+01	1.190000e+01	
818	2.400490e-07	1.230000e+01	1.210000e+01	1.190000e+01	
819	2.400852e-07	1.230000e+01	1.210000e+01	1.190000e+01	
820	2.401575e-07	1.230000e+01	1.210000e+01	1.190000e+01	
821	2.403022e-07	1.230000e+01	1.210000e+01	1.190000e+01	
822	2.404991e-07	1.230000e+01	1.210000e+01	1.190000e+01	
823	2.407525e-07	1.230000e+01	1.210000e+01	1.190000e+01	
824	2.410515e-07	1.230000e+01	1.210000e+01	1.190000e+01	
825	2.414980e-07	1.230000e+01	1.210000e+01	1.190000e+01	
826	2.422535e-07	1.230000e+01	1.210000e+01	1.190000e+01	
827	2.437647e-07	1.230000e+01	1.210000e+01	1.190000e+01	
828	2.467870e-07	1.230000e+01	1.210000e+01	1.190000e+01	
829	2.500000e-07	1.230000e+01	1.210000e+01	1.190000e+01	

                    Titulo: Circuito NOR4 c/ transistor MOS
                    Transient Analysis  Mon Sep 13 10:41:49  2010
--------------------------------------------------------------------------------
Index   time            v(7)            v(10)           v(90)           
--------------------------------------------------------------------------------
0	0.000000e+00	1.200000e+01	1.200000e+00	1.080000e+01	
1	1.000000e-14	1.211646e+01	1.200000e+00	1.080000e+01	
2	2.000000e-14	1.223270e+01	1.200000e+00	1.080000e+01	
3	4.000000e-14	1.246512e+01	1.200000e+00	1.080000e+01	
4	8.000000e-14	1.292105e+01	1.200000e+00	1.080000e+01	
5	1.600000e-13	1.366853e+01	1.200000e+00	1.080000e+01	
6	2.453459e-13	1.427824e+01	1.200000e+00	1.080000e+01	
7	3.499409e-13	1.486904e+01	1.200000e+00	1.080000e+01	
8	5.363434e-13	1.556940e+01	1.200000e+00	1.080000e+01	
9	7.840473e-13	1.608276e+01	1.200000e+00	1.080000e+01	
10	8.110414e-13	1.611431e+01	1.200000e+00	1.080000e+01	
11	8.650296e-13	1.617435e+01	1.200000e+00	1.080000e+01	
12	9.730059e-13	1.626944e+01	1.200000e+00	1.080000e+01	
13	1.000000e-12	1.628788e+01	1.200000e+00	1.080000e+01	
14	1.001012e-12	1.627666e+01	1.200000e+00	1.080000e+01	
15	1.003035e-12	1.625449e+01	1.200000e+00	1.080000e+01	
16	1.007082e-12	1.621158e+01	1.200000e+00	1.080000e+01	
17	1.015175e-12	1.612980e+01	1.200000e+00	1.080000e+01	
18	1.022673e-12	1.605738e+01	1.200000e+00	1.080000e+01	
19	1.037669e-12	1.591834e+01	1.200000e+00	1.080000e+01	
20	1.057943e-12	1.574002e+01	1.200000e+00	1.080000e+01	
21	1.098491e-12	1.541180e+01	1.200000e+00	1.080000e+01	
22	1.173128e-12	1.489323e+01	1.200000e+00	1.080000e+01	
23	1.308406e-12	1.417673e+01	1.200000e+00	1.080000e+01	
24	1.519399e-12	1.345745e+01	1.200000e+00	1.080000e+01	
25	1.875744e-12	1.284294e+01	1.200000e+00	1.080000e+01	
26	2.443223e-12	1.248619e+01	1.200000e+00	1.080000e+01	
27	3.131259e-12	1.231745e+01	1.200000e+00	1.080000e+01	
28	4.192483e-12	1.144058e+01	1.200000e+00	1.080000e+01	
29	5.472616e-12	1.013738e+01	1.200000e+00	1.080000e+01	
30	7.502457e-12	8.079394e+00	1.200000e+00	1.080000e+01	
31	1.038855e-11	6.853785e+00	1.200000e+00	1.080000e+01	
32	1.347235e-11	6.461116e+00	1.200000e+00	1.080000e+01	
33	1.822472e-11	6.085880e+00	1.200000e+00	1.080000e+01	
34	2.546677e-11	5.643304e+00	1.200000e+00	1.080000e+01	
35	3.694770e-11	5.120320e+00	1.200000e+00	1.080000e+01	
36	5.990957e-11	4.314163e+00	1.200000e+00	1.080000e+01	
37	9.007919e-11	3.545167e+00	1.200000e+00	1.080000e+01	
38	1.504184e-10	2.446968e+00	1.200000e+00	1.080000e+01	
39	2.710969e-10	1.206714e+00	1.200000e+00	1.080000e+01	
40	4.732395e-10	3.375179e-01	1.200000e+00	1.080000e+01	
41	7.101691e-10	7.638006e-02	1.200000e+00	1.080000e+01	
42	1.030168e-09	1.323692e-04	1.200000e+00	1.080000e+01	
43	1.473364e-09	3.928098e-03	1.200000e+00	1.080000e+01	
44	2.275790e-09	-4.208509e-03	1.200000e+00	1.080000e+01	
45	3.880643e-09	4.272260e-03	1.200000e+00	1.080000e+01	
46	7.090348e-09	-4.294133e-03	1.200000e+00	1.080000e+01	
47	1.209035e-08	4.306447e-03	1.200000e+00	1.080000e+01	
48	1.500100e-08	-4.322174e-03	1.200000e+00	1.080000e+01	
49	1.500101e-08	-3.546822e-02	1.200000e+00	1.080000e+01	
50	1.500104e-08	-1.028058e-01	1.200000e+00	1.080000e+01	
51	1.500109e-08	-2.368587e-01	1.200000e+00	1.080000e+01	
52	1.500114e-08	-2.814926e-01	1.200000e+00	1.080000e+01	
53	1.500124e-08	-2.852638e-01	1.200000e+00	1.080000e+01	
54	1.500133e-08	-3.086592e-01	1.200000e+00	1.080000e+01	
55	1.500153e-08	-3.212166e-01	1.200000e+00	1.080000e+01	
56	1.500157e-08	-3.279309e-01	1.200000e+00	1.080000e+01	
57	1.500166e-08	-3.366953e-01	1.200000e+00	1.080000e+01	
58	1.500183e-08	-3.509417e-01	1.200000e+00	1.080000e+01	
59	1.500200e-08	-3.658934e-01	1.200000e+00	1.080000e+01	
60	1.500200e-08	-3.576196e-01	1.200000e+00	1.080000e+01	
61	1.500201e-08	-3.456967e-01	1.200000e+00	1.080000e+01	
62	1.500203e-08	-3.358956e-01	1.200000e+00	1.080000e+01	
63	1.500204e-08	-3.309824e-01	1.200000e+00	1.080000e+01	
64	1.500207e-08	-3.268362e-01	1.200000e+00	1.080000e+01	
65	1.500211e-08	-3.201104e-01	1.200000e+00	1.080000e+01	
66	1.500219e-08	-3.086374e-01	1.200000e+00	1.080000e+01	
67	1.500233e-08	-2.097232e-01	1.200000e+00	1.080000e+01	
68	1.500251e-08	-1.580290e-01	1.200000e+00	1.080000e+01	
69	1.500269e-08	-1.532431e-01	1.200000e+00	1.080000e+01	
70	1.500303e-08	-1.486950e-01	1.200000e+00	1.080000e+01	
71	1.500350e-08	-1.463713e-01	1.200000e+00	1.080000e+01	
72	1.500444e-08	-1.418847e-01	1.200000e+00	1.080000e+01	
73	1.500631e-08	-1.369947e-01	1.200000e+00	1.080000e+01	
74	1.501000e-08	-1.320549e-01	1.200000e+00	1.080000e+01	
75	1.501388e-08	-1.292245e-01	1.200000e+00	1.080000e+01	
76	1.501985e-08	-1.247353e-01	1.200000e+00	1.080000e+01	
77	1.502758e-08	-1.194652e-01	1.200000e+00	1.080000e+01	
78	1.504304e-08	-1.092054e-01	1.200000e+00	1.080000e+01	
79	1.507318e-08	-9.200043e-02	1.200000e+00	1.080000e+01	
80	1.513347e-08	-6.489948e-02	1.200000e+00	1.080000e+01	
81	1.525405e-08	-3.189298e-02	1.200000e+00	1.080000e+01	
82	1.542503e-08	-1.101459e-02	1.200000e+00	1.080000e+01	
83	1.572098e-08	-1.064498e-03	1.200000e+00	1.080000e+01	
84	1.610812e-08	1.089390e-04	1.200000e+00	1.080000e+01	
85	1.669140e-08	-7.605405e-05	1.200000e+00	1.080000e+01	
86	1.739918e-08	6.948932e-05	1.200000e+00	1.080000e+01	
87	1.856199e-08	-6.790586e-05	1.200000e+00	1.080000e+01	
88	2.075221e-08	6.746269e-05	1.200000e+00	1.080000e+01	
89	2.513265e-08	-6.722404e-05	1.200000e+00	1.080000e+01	
90	3.000000e-08	6.712283e-05	1.200000e+00	1.080000e+01	
91	3.000001e-08	3.824321e-02	1.200000e+00	1.080000e+01	
92	3.000004e-08	1.047811e-01	1.200000e+00	1.080000e+01	
93	3.000009e-08	1.937430e-01	1.200000e+00	1.080000e+01	
94	3.000019e-08	3.426118e-01	1.200000e+00	1.080000e+01	
95	3.000030e-08	6.791949e-01	1.200000e+00	1.080000e+01	
96	3.000041e-08	1.046006e+00	1.200000e+00	1.080000e+01	
97	3.000063e-08	1.747208e+00	1.200000e+00	1.080000e+01	
98	3.000066e-08	1.850937e+00	1.200000e+00	1.080000e+01	
99	3.000073e-08	2.058369e+00	1.200000e+00	1.080000e+01	
100	3.000086e-08	2.470084e+00	1.200000e+00	1.080000e+01	
101	3.000100e-08	2.925600e+00	1.200000e+00	1.080000e+01	
102	3.000100e-08	2.918350e+00	1.200000e+00	1.080000e+01	
103	3.000101e-08	2.903796e+00	1.200000e+00	1.080000e+01	
104	3.000102e-08	2.874320e+00	1.200000e+00	1.080000e+01	
105	3.000103e-08	2.843327e+00	1.200000e+00	1.080000e+01	
106	3.000104e-08	2.806008e+00	1.200000e+00	1.080000e+01	
107	3.000106e-08	2.726050e+00	1.200000e+00	1.080000e+01	
108	3.000111e-08	2.552362e+00	1.200000e+00	1.080000e+01	
109	3.000119e-08	2.327149e+00	1.200000e+00	1.080000e+01	
110	3.000128e-08	2.197627e+00	1.200000e+00	1.080000e+01	
111	3.000129e-08	2.176134e+00	1.200000e+00	1.080000e+01	
112	3.000132e-08	2.137114e+00	1.200000e+00	1.080000e+01	
113	3.000138e-08	2.066386e+00	1.200000e+00	1.080000e+01	
114	3.000150e-08	1.931655e+00	1.200000e+00	1.080000e+01	
115	3.000174e-08	1.692483e+00	1.200000e+00	1.080000e+01	
116	3.000200e-08	1.467176e+00	1.200000e+00	1.080000e+01	
117	3.000201e-08	1.473827e+00	1.200000e+00	1.080000e+01	
118	3.000202e-08	1.480426e+00	1.200000e+00	1.080000e+01	
119	3.000202e-08	1.480212e+00	1.200000e+00	1.080000e+01	
120	3.000203e-08	1.479618e+00	1.200000e+00	1.080000e+01	
121	3.000204e-08	1.477923e+00	1.200000e+00	1.080000e+01	
122	3.000206e-08	1.611400e+00	1.200000e+00	1.080000e+01	
123	3.000210e-08	1.941782e+00	1.200000e+00	1.080000e+01	
124	3.000219e-08	2.238773e+00	1.200000e+00	1.080000e+01	
125	3.000229e-08	2.320045e+00	1.200000e+00	1.080000e+01	
126	3.000242e-08	2.327679e+00	1.200000e+00	1.080000e+01	
127	3.000260e-08	2.288747e+00	1.200000e+00	1.080000e+01	
128	3.000277e-08	2.241218e+00	1.200000e+00	1.080000e+01	
129	3.000312e-08	2.153118e+00	1.200000e+00	1.080000e+01	
130	3.000381e-08	2.014920e+00	1.200000e+00	1.080000e+01	
131	3.000519e-08	1.840282e+00	1.200000e+00	1.080000e+01	
132	3.000795e-08	1.686663e+00	1.200000e+00	1.080000e+01	
133	3.001099e-08	1.635962e+00	1.200000e+00	1.080000e+01	
134	3.001609e-08	1.586575e+00	1.200000e+00	1.080000e+01	
135	3.002515e-08	1.508975e+00	1.200000e+00	1.080000e+01	
136	3.004328e-08	1.364160e+00	1.200000e+00	1.080000e+01	
137	3.007952e-08	1.115848e+00	1.200000e+00	1.080000e+01	
138	3.015202e-08	7.449702e-01	1.200000e+00	1.080000e+01	
139	3.029700e-08	3.226008e-01	1.200000e+00	1.080000e+01	
140	3.058697e-08	3.873594e-02	1.200000e+00	1.080000e+01	
141	3.093640e-08	1.032236e-03	1.200000e+00	1.080000e+01	
142	3.143689e-08	-1.723209e-04	1.200000e+00	1.080000e+01	
143	3.220973e-08	7.245620e-05	1.200000e+00	1.080000e+01	
144	3.375540e-08	-4.939040e-05	1.200000e+00	1.080000e+01	
145	3.684674e-08	4.252879e-05	1.200000e+00	1.080000e+01	
146	4.184674e-08	-3.866247e-05	1.200000e+00	1.080000e+01	
147	4.500100e-08	3.361686e-05	1.200000e+00	1.080000e+01	
148	4.500101e-08	-3.337579e-02	1.200000e+00	1.080000e+01	
149	4.500104e-08	-1.086693e-01	1.200000e+00	1.080000e+01	
150	4.500108e-08	-2.506290e-01	1.200000e+00	1.080000e+01	
151	4.500112e-08	-3.342847e-01	1.200000e+00	1.080000e+01	
152	4.500120e-08	-3.809910e-01	1.200000e+00	1.080000e+01	
153	4.500129e-08	-4.218448e-01	1.200000e+00	1.080000e+01	
154	4.500143e-08	-4.483078e-01	1.200000e+00	1.080000e+01	
155	4.500171e-08	-4.848556e-01	1.200000e+00	1.080000e+01	
156	4.500175e-08	-4.870116e-01	1.200000e+00	1.080000e+01	
157	4.500182e-08	-4.931942e-01	1.200000e+00	1.080000e+01	
158	4.500196e-08	-5.065588e-01	1.200000e+00	1.080000e+01	
159	4.500200e-08	-5.095339e-01	1.200000e+00	1.080000e+01	
160	4.500200e-08	-5.062446e-01	1.200000e+00	1.080000e+01	
161	4.500200e-08	-5.003714e-01	1.200000e+00	1.080000e+01	
162	4.500201e-08	-4.919849e-01	1.200000e+00	1.080000e+01	
163	4.500202e-08	-4.826600e-01	1.200000e+00	1.080000e+01	
164	4.500203e-08	-4.750013e-01	1.200000e+00	1.080000e+01	
165	4.500205e-08	-4.688299e-01	1.200000e+00	1.080000e+01	
166	4.500208e-08	-4.602459e-01	1.200000e+00	1.080000e+01	
167	4.500214e-08	-4.475744e-01	1.200000e+00	1.080000e+01	
168	4.500225e-08	-4.304719e-01	1.200000e+00	1.080000e+01	
169	4.500244e-08	-3.439331e-01	1.200000e+00	1.080000e+01	
170	4.500273e-08	-2.499548e-01	1.200000e+00	1.080000e+01	
171	4.500303e-08	-2.361646e-01	1.200000e+00	1.080000e+01	
172	4.500362e-08	-2.257606e-01	1.200000e+00	1.080000e+01	
173	4.500425e-08	-2.222028e-01	1.200000e+00	1.080000e+01	
174	4.500549e-08	-2.148308e-01	1.200000e+00	1.080000e+01	
175	4.500799e-08	-2.079562e-01	1.200000e+00	1.080000e+01	
176	4.501204e-08	-2.016213e-01	1.200000e+00	1.080000e+01	
177	4.501681e-08	-1.967652e-01	1.200000e+00	1.080000e+01	
178	4.502383e-08	-1.889380e-01	1.200000e+00	1.080000e+01	
179	4.503240e-08	-1.805380e-01	1.200000e+00	1.080000e+01	
180	4.504955e-08	-1.639395e-01	1.200000e+00	1.080000e+01	
181	4.508386e-08	-1.359752e-01	1.200000e+00	1.080000e+01	
182	4.515246e-08	-9.268081e-02	1.200000e+00	1.080000e+01	
183	4.528966e-08	-4.246707e-02	1.200000e+00	1.080000e+01	
184	4.549461e-08	-1.193727e-02	1.200000e+00	1.080000e+01	
185	4.576649e-08	-2.011519e-03	1.200000e+00	1.080000e+01	
186	4.629757e-08	4.830293e-04	1.200000e+00	1.080000e+01	
187	4.684534e-08	-2.159038e-04	1.200000e+00	1.080000e+01	
188	4.794089e-08	1.862563e-04	1.200000e+00	1.080000e+01	
189	4.928734e-08	-1.736384e-04	1.200000e+00	1.080000e+01	
190	5.082439e-08	1.673812e-04	1.200000e+00	1.080000e+01	
191	5.294736e-08	-1.643599e-04	1.200000e+00	1.080000e+01	
192	5.614352e-08	1.629709e-04	1.200000e+00	1.080000e+01	
193	6.000000e-08	-1.619474e-04	1.200000e+00	1.080000e+01	
194	6.000001e-08	8.033689e-02	1.200000e+00	1.080000e+01	
195	6.000004e-08	2.293330e-01	1.200000e+00	1.080000e+01	
196	6.000009e-08	4.680294e-01	1.200000e+00	1.080000e+01	
197	6.000019e-08	7.934326e-01	1.200000e+00	1.080000e+01	
198	6.000030e-08	1.361536e+00	1.200000e+00	1.080000e+01	
199	6.000040e-08	2.020193e+00	1.200000e+00	1.080000e+01	
200	6.000061e-08	3.388909e+00	1.200000e+00	1.080000e+01	
201	6.000082e-08	4.846434e+00	1.200000e+00	1.080000e+01	
202	6.000084e-08	5.000260e+00	1.200000e+00	1.080000e+01	
203	6.000089e-08	5.308943e+00	1.200000e+00	1.080000e+01	
204	6.000098e-08	5.928819e+00	1.200000e+00	1.080000e+01	
205	6.000100e-08	6.084313e+00	1.200000e+00	1.080000e+01	
206	6.000100e-08	6.079548e+00	1.200000e+00	1.080000e+01	
207	6.000100e-08	6.070017e+00	1.200000e+00	1.080000e+01	
208	6.000101e-08	6.050953e+00	1.200000e+00	1.080000e+01	
209	6.000102e-08	6.012817e+00	1.200000e+00	1.080000e+01	
210	6.000102e-08	5.972420e+00	1.200000e+00	1.080000e+01	
211	6.000104e-08	5.891496e+00	1.200000e+00	1.080000e+01	
212	6.000106e-08	5.794082e+00	1.200000e+00	1.080000e+01	
213	6.000110e-08	5.589153e+00	1.200000e+00	1.080000e+01	
214	6.000119e-08	5.229908e+00	1.200000e+00	1.080000e+01	
215	6.000131e-08	4.823599e+00	1.200000e+00	1.080000e+01	
216	6.000148e-08	4.333252e+00	1.200000e+00	1.080000e+01	
217	6.000151e-08	4.241194e+00	1.200000e+00	1.080000e+01	
218	6.000159e-08	4.071643e+00	1.200000e+00	1.080000e+01	
219	6.000173e-08	3.768206e+00	1.200000e+00	1.080000e+01	
220	6.000200e-08	3.244087e+00	1.200000e+00	1.080000e+01	
221	6.000201e-08	3.247447e+00	1.200000e+00	1.080000e+01	
222	6.000202e-08	3.248737e+00	1.200000e+00	1.080000e+01	
223	6.000205e-08	3.655131e+00	1.200000e+00	1.080000e+01	
224	6.000208e-08	4.067944e+00	1.200000e+00	1.080000e+01	
225	6.000212e-08	4.319529e+00	1.200000e+00	1.080000e+01	
226	6.000220e-08	4.527822e+00	1.200000e+00	1.080000e+01	
227	6.000228e-08	4.550776e+00	1.200000e+00	1.080000e+01	
228	6.000241e-08	4.486994e+00	1.200000e+00	1.080000e+01	
229	6.000258e-08	4.383039e+00	1.200000e+00	1.080000e+01	
230	6.000273e-08	4.293122e+00	1.200000e+00	1.080000e+01	
231	6.000303e-08	4.131423e+00	1.200000e+00	1.080000e+01	
232	6.000362e-08	3.869373e+00	1.200000e+00	1.080000e+01	
233	6.000482e-08	3.522011e+00	1.200000e+00	1.080000e+01	
234	6.000720e-08	3.212847e+00	1.200000e+00	1.080000e+01	
235	6.001069e-08	3.104376e+00	1.200000e+00	1.080000e+01	
236	6.001545e-08	3.040730e+00	1.200000e+00	1.080000e+01	
237	6.002392e-08	2.930326e+00	1.200000e+00	1.080000e+01	
238	6.004087e-08	2.724716e+00	1.200000e+00	1.080000e+01	
239	6.007146e-08	2.389835e+00	1.200000e+00	1.080000e+01	
240	6.013263e-08	1.758840e+00	1.200000e+00	1.080000e+01	
241	6.024739e-08	9.158047e-01	1.200000e+00	1.080000e+01	
242	6.037336e-08	4.481928e-01	1.200000e+00	1.080000e+01	
243	6.055120e-08	1.586864e-01	1.200000e+00	1.080000e+01	
244	6.090330e-08	5.582627e-03	1.200000e+00	1.080000e+01	
245	6.128971e-08	2.633802e-03	1.200000e+00	1.080000e+01	
246	6.197012e-08	1.436540e-03	1.200000e+00	1.080000e+01	
247	6.306806e-08	2.043209e-03	1.200000e+00	1.080000e+01	
248	6.526393e-08	5.699883e-04	1.200000e+00	1.080000e+01	
249	6.965568e-08	1.088722e-03	1.200000e+00	1.080000e+01	
250	7.465568e-08	-1.402879e-04	1.200000e+00	1.080000e+01	
251	7.500100e-08	8.557300e-04	1.200000e+00	1.080000e+01	
252	7.500101e-08	-3.258374e-02	1.200000e+00	1.080000e+01	
253	7.500104e-08	-1.079239e-01	1.200000e+00	1.080000e+01	
254	7.500109e-08	-2.737936e-01	1.200000e+00	1.080000e+01	
255	7.500114e-08	-3.540717e-01	1.200000e+00	1.080000e+01	
256	7.500122e-08	-3.895941e-01	1.200000e+00	1.080000e+01	
257	7.500132e-08	-4.318786e-01	1.200000e+00	1.080000e+01	
258	7.500147e-08	-4.518155e-01	1.200000e+00	1.080000e+01	
259	7.500176e-08	-4.904219e-01	1.200000e+00	1.080000e+01	
260	7.500200e-08	-5.072314e-01	1.200000e+00	1.080000e+01	
261	7.500200e-08	-4.985499e-01	1.200000e+00	1.080000e+01	
262	7.500201e-08	-4.862362e-01	1.200000e+00	1.080000e+01	
263	7.500203e-08	-4.755309e-01	1.200000e+00	1.080000e+01	
264	7.500205e-08	-4.680971e-01	1.200000e+00	1.080000e+01	
265	7.500208e-08	-4.615351e-01	1.200000e+00	1.080000e+01	
266	7.500212e-08	-4.505699e-01	1.200000e+00	1.080000e+01	
267	7.500222e-08	-4.361077e-01	1.200000e+00	1.080000e+01	
268	7.500239e-08	-3.745448e-01	1.200000e+00	1.080000e+01	
269	7.500271e-08	-2.452188e-01	1.200000e+00	1.080000e+01	
270	7.500308e-08	-2.344560e-01	1.200000e+00	1.080000e+01	
271	7.500363e-08	-2.247035e-01	1.200000e+00	1.080000e+01	
272	7.500418e-08	-2.222989e-01	1.200000e+00	1.080000e+01	
273	7.500528e-08	-2.149524e-01	1.200000e+00	1.080000e+01	
274	7.500730e-08	-2.090960e-01	1.200000e+00	1.080000e+01	
275	7.501081e-08	-2.023586e-01	1.200000e+00	1.080000e+01	
276	7.501545e-08	-1.977813e-01	1.200000e+00	1.080000e+01	
277	7.502181e-08	-1.903115e-01	1.200000e+00	1.080000e+01	
278	7.503128e-08	-1.812211e-01	1.200000e+00	1.080000e+01	
279	7.504952e-08	-1.632504e-01	1.200000e+00	1.080000e+01	
280	7.508602e-08	-1.339551e-01	1.200000e+00	1.080000e+01	
281	7.515900e-08	-8.864944e-02	1.200000e+00	1.080000e+01	
282	7.530498e-08	-3.831820e-02	1.200000e+00	1.080000e+01	
283	7.549860e-08	-1.112667e-02	1.200000e+00	1.080000e+01	
284	7.582830e-08	-3.603770e-04	1.200000e+00	1.080000e+01	
285	7.626144e-08	9.776207e-04	1.200000e+00	1.080000e+01	
286	7.688879e-08	2.900321e-04	1.200000e+00	1.080000e+01	
287	7.768183e-08	8.731860e-04	1.200000e+00	1.080000e+01	
288	7.895156e-08	2.152248e-04	1.200000e+00	1.080000e+01	
289	8.103838e-08	7.541681e-04	1.200000e+00	1.080000e+01	
290	8.521201e-08	4.828546e-05	1.200000e+00	1.080000e+01	
291	9.000000e-08	5.753211e-04	1.200000e+00	1.080000e+01	
292	9.000001e-08	4.110434e-02	1.200000e+00	1.080000e+01	
293	9.000004e-08	1.161258e-01	1.200000e+00	1.080000e+01	
294	9.000009e-08	2.363387e-01	1.200000e+00	1.080000e+01	
295	9.000019e-08	4.445512e-01	1.200000e+00	1.080000e+01	
296	9.000030e-08	8.872857e-01	1.200000e+00	1.080000e+01	
297	9.000041e-08	1.370813e+00	1.200000e+00	1.080000e+01	
298	9.000058e-08	2.190312e+00	1.200000e+00	1.080000e+01	
299	9.000076e-08	2.999889e+00	1.200000e+00	1.080000e+01	
300	9.000100e-08	3.918495e+00	1.200000e+00	1.080000e+01	
301	9.000100e-08	3.910264e+00	1.200000e+00	1.080000e+01	
302	9.000101e-08	3.893185e+00	1.200000e+00	1.080000e+01	
303	9.000102e-08	3.855608e+00	1.200000e+00	1.080000e+01	
304	9.000104e-08	3.809999e+00	1.200000e+00	1.080000e+01	
305	9.000105e-08	3.754004e+00	1.200000e+00	1.080000e+01	
306	9.000108e-08	3.625641e+00	1.200000e+00	1.080000e+01	
307	9.000115e-08	3.369921e+00	1.200000e+00	1.080000e+01	
308	9.000121e-08	3.153235e+00	1.200000e+00	1.080000e+01	
309	9.000128e-08	2.973957e+00	1.200000e+00	1.080000e+01	
310	9.000138e-08	2.761173e+00	1.200000e+00	1.080000e+01	
311	9.000149e-08	2.597292e+00	1.200000e+00	1.080000e+01	
312	9.000171e-08	2.293877e+00	1.200000e+00	1.080000e+01	
313	9.000174e-08	2.261328e+00	1.200000e+00	1.080000e+01	
314	9.000179e-08	2.195768e+00	1.200000e+00	1.080000e+01	
315	9.000190e-08	2.069264e+00	1.200000e+00	1.080000e+01	
316	9.000200e-08	1.962665e+00	1.200000e+00	1.080000e+01	
317	9.000200e-08	1.966527e+00	1.200000e+00	1.080000e+01	
318	9.000201e-08	1.971438e+00	1.200000e+00	1.080000e+01	
319	9.000202e-08	1.972500e+00	1.200000e+00	1.080000e+01	
320	9.000204e-08	1.983411e+00	1.200000e+00	1.080000e+01	
321	9.000206e-08	2.224508e+00	1.200000e+00	1.080000e+01	
322	9.000209e-08	2.598809e+00	1.200000e+00	1.080000e+01	
323	9.000217e-08	3.054642e+00	1.200000e+00	1.080000e+01	
324	9.000226e-08	3.287939e+00	1.200000e+00	1.080000e+01	
325	9.000236e-08	3.377577e+00	1.200000e+00	1.080000e+01	
326	9.000247e-08	3.378812e+00	1.200000e+00	1.080000e+01	
327	9.000260e-08	3.341004e+00	1.200000e+00	1.080000e+01	
328	9.000286e-08	3.242159e+00	1.200000e+00	1.080000e+01	
329	9.000338e-08	3.065906e+00	1.200000e+00	1.080000e+01	
330	9.000443e-08	2.829949e+00	1.200000e+00	1.080000e+01	
331	9.000622e-08	2.629769e+00	1.200000e+00	1.080000e+01	
332	9.000959e-08	2.518177e+00	1.200000e+00	1.080000e+01	
333	9.001360e-08	2.484630e+00	1.200000e+00	1.080000e+01	
334	9.002161e-08	2.418312e+00	1.200000e+00	1.080000e+01	
335	9.003765e-08	2.294526e+00	1.200000e+00	1.080000e+01	
336	9.005995e-08	2.132411e+00	1.200000e+00	1.080000e+01	
337	9.010457e-08	1.736356e+00	1.200000e+00	1.080000e+01	
338	9.019380e-08	1.076608e+00	1.200000e+00	1.080000e+01	
339	9.029204e-08	6.334920e-01	1.200000e+00	1.080000e+01	
340	9.046342e-08	2.452153e-01	1.200000e+00	1.080000e+01	
341	9.080620e-08	1.287146e-02	1.200000e+00	1.080000e+01	
342	9.117779e-08	1.813754e-03	1.200000e+00	1.080000e+01	
343	9.177459e-08	-1.612730e-03	1.200000e+00	1.080000e+01	
344	9.269680e-08	1.576984e-03	1.200000e+00	1.080000e+01	
345	9.454120e-08	-1.566730e-03	1.200000e+00	1.080000e+01	
346	9.823002e-08	1.564728e-03	1.200000e+00	1.080000e+01	
347	1.032300e-07	-1.562459e-03	1.200000e+00	1.080000e+01	
348	1.050010e-07	1.558667e-03	1.200000e+00	1.080000e+01	
349	1.050010e-07	-3.399864e-02	1.200000e+00	1.080000e+01	
350	1.050010e-07	-1.179489e-01	1.200000e+00	1.080000e+01	
351	1.050011e-07	-2.887463e-01	1.200000e+00	1.080000e+01	
352	1.050011e-07	-4.162415e-01	1.200000e+00	1.080000e+01	
353	1.050012e-07	-5.451559e-01	1.200000e+00	1.080000e+01	
354	1.050013e-07	-6.418621e-01	1.200000e+00	1.080000e+01	
355	1.050014e-07	-6.858572e-01	1.200000e+00	1.080000e+01	
356	1.050017e-07	-7.176410e-01	1.200000e+00	1.080000e+01	
357	1.050017e-07	-7.181735e-01	1.200000e+00	1.080000e+01	
358	1.050018e-07	-7.207050e-01	1.200000e+00	1.080000e+01	
359	1.050020e-07	-7.254641e-01	1.200000e+00	1.080000e+01	
360	1.050020e-07	-7.261219e-01	1.200000e+00	1.080000e+01	
361	1.050020e-07	-7.226519e-01	1.200000e+00	1.080000e+01	
362	1.050020e-07	-7.165003e-01	1.200000e+00	1.080000e+01	
363	1.050020e-07	-7.079076e-01	1.200000e+00	1.080000e+01	
364	1.050020e-07	-6.988360e-01	1.200000e+00	1.080000e+01	
365	1.050020e-07	-6.924037e-01	1.200000e+00	1.080000e+01	
366	1.050021e-07	-6.875963e-01	1.200000e+00	1.080000e+01	
367	1.050021e-07	-6.815610e-01	1.200000e+00	1.080000e+01	
368	1.050021e-07	-6.742249e-01	1.200000e+00	1.080000e+01	
369	1.050023e-07	-6.665767e-01	1.200000e+00	1.080000e+01	
370	1.050024e-07	-6.569082e-01	1.200000e+00	1.080000e+01	
371	1.050028e-07	-6.428310e-01	1.200000e+00	1.080000e+01	
372	1.050034e-07	-6.264616e-01	1.200000e+00	1.080000e+01	
373	1.050045e-07	-6.034618e-01	1.200000e+00	1.080000e+01	
374	1.050061e-07	-5.807396e-01	1.200000e+00	1.080000e+01	
375	1.050093e-07	-5.528026e-01	1.200000e+00	1.080000e+01	
376	1.050132e-07	-5.357006e-01	1.200000e+00	1.080000e+01	
377	1.050189e-07	-5.203701e-01	1.200000e+00	1.080000e+01	
378	1.050263e-07	-5.079040e-01	1.200000e+00	1.080000e+01	
379	1.050408e-07	-4.926419e-01	1.200000e+00	1.080000e+01	
380	1.050640e-07	-4.783939e-01	1.200000e+00	1.080000e+01	
381	1.050871e-07	-4.693588e-01	1.200000e+00	1.080000e+01	
382	1.051333e-07	-4.571144e-01	1.200000e+00	1.080000e+01	
383	1.052256e-07	-4.420779e-01	1.200000e+00	1.080000e+01	
384	1.054104e-07	-3.873176e-01	1.200000e+00	1.080000e+01	
385	1.056025e-07	-1.123573e-01	1.200000e+00	1.080000e+01	
386	1.058702e-07	1.205548e+00	1.200000e+00	1.080000e+01	
387	1.062058e-07	2.786758e+00	1.200000e+00	1.080000e+01	
388	1.065890e-07	3.988303e+00	1.200000e+00	1.080000e+01	
389	1.073553e-07	6.217027e+00	1.200000e+00	1.080000e+01	
390	1.080673e-07	7.815113e+00	1.200000e+00	1.080000e+01	
391	1.094913e-07	9.789527e+00	1.200000e+00	1.080000e+01	
392	1.123392e-07	1.142900e+01	1.200000e+00	1.080000e+01	
393	1.151558e-07	1.184938e+01	1.200000e+00	1.080000e+01	
394	1.190227e-07	1.198058e+01	1.200000e+00	1.080000e+01	
395	1.200000e-07	1.198846e+01	1.200000e+00	1.080000e+01	
396	1.200000e-07	1.213386e+01	1.200000e+00	1.080000e+01	
397	1.200000e-07	1.242454e+01	1.200000e+00	1.080000e+01	
398	1.200001e-07	1.298561e+01	1.200000e+00	1.080000e+01	
399	1.200002e-07	1.387585e+01	1.200000e+00	1.080000e+01	
400	1.200003e-07	1.459010e+01	1.200000e+00	1.080000e+01	
401	1.200004e-07	1.513707e+01	1.200000e+00	1.080000e+01	
402	1.200004e-07	1.524041e+01	1.200000e+00	1.080000e+01	
403	1.200005e-07	1.543463e+01	1.200000e+00	1.080000e+01	
404	1.200006e-07	1.574492e+01	1.200000e+00	1.080000e+01	
405	1.200008e-07	1.613471e+01	1.200000e+00	1.080000e+01	
406	1.200010e-07	1.628477e+01	1.200000e+00	1.080000e+01	
407	1.200010e-07	1.625337e+01	1.200000e+00	1.080000e+01	
408	1.200010e-07	1.619234e+01	1.200000e+00	1.080000e+01	
409	1.200010e-07	1.607779e+01	1.200000e+00	1.080000e+01	
410	1.200010e-07	1.596907e+01	1.200000e+00	1.080000e+01	
411	1.200010e-07	1.584973e+01	1.200000e+00	1.080000e+01	
412	1.200011e-07	1.562395e+01	1.200000e+00	1.080000e+01	
413	1.200011e-07	1.521808e+01	1.200000e+00	1.080000e+01	
414	1.200012e-07	1.455811e+01	1.200000e+00	1.080000e+01	
415	1.200014e-07	1.385318e+01	1.200000e+00	1.080000e+01	
416	1.200017e-07	1.313977e+01	1.200000e+00	1.080000e+01	
417	1.200021e-07	1.265874e+01	1.200000e+00	1.080000e+01	
418	1.200027e-07	1.240903e+01	1.200000e+00	1.080000e+01	
419	1.200035e-07	1.202583e+01	1.200000e+00	1.080000e+01	
420	1.200047e-07	1.093633e+01	1.200000e+00	1.080000e+01	
421	1.200069e-07	8.653529e+00	1.200000e+00	1.080000e+01	
422	1.200090e-07	7.156062e+00	1.200000e+00	1.080000e+01	
423	1.200131e-07	6.505069e+00	1.200000e+00	1.080000e+01	
424	1.200173e-07	6.148575e+00	1.200000e+00	1.080000e+01	
425	1.200218e-07	5.852127e+00	1.200000e+00	1.080000e+01	
426	1.200309e-07	5.377820e+00	1.200000e+00	1.080000e+01	
427	1.200490e-07	4.666275e+00	1.200000e+00	1.080000e+01	
428	1.200852e-07	3.650964e+00	1.200000e+00	1.080000e+01	
429	1.201575e-07	2.345564e+00	1.200000e+00	1.080000e+01	
430	1.203022e-07	9.886429e-01	1.200000e+00	1.080000e+01	
431	1.204991e-07	2.935860e-01	1.200000e+00	1.080000e+01	
432	1.207525e-07	5.196505e-02	1.200000e+00	1.080000e+01	
433	1.210515e-07	5.349252e-03	1.200000e+00	1.080000e+01	
434	1.214980e-07	-8.381242e-04	1.200000e+00	1.080000e+01	
435	1.222535e-07	4.985128e-04	1.200000e+00	1.080000e+01	
436	1.237647e-07	-4.251985e-04	1.200000e+00	1.080000e+01	
437	1.267870e-07	4.003044e-04	1.200000e+00	1.080000e+01	
438	1.317870e-07	-3.871236e-04	1.200000e+00	1.080000e+01	
439	1.350010e-07	3.717723e-04	1.200000e+00	1.080000e+01	
440	1.350010e-07	-3.122625e-02	1.200000e+00	1.080000e+01	
441	1.350010e-07	-9.938811e-02	1.200000e+00	1.080000e+01	
442	1.350011e-07	-2.347350e-01	1.200000e+00	1.080000e+01	
443	1.350011e-07	-2.802092e-01	1.200000e+00	1.080000e+01	
444	1.350012e-07	-2.848441e-01	1.200000e+00	1.080000e+01	
445	1.350013e-07	-3.085837e-01	1.200000e+00	1.080000e+01	
446	1.350015e-07	-3.213401e-01	1.200000e+00	1.080000e+01	
447	1.350016e-07	-3.280571e-01	1.200000e+00	1.080000e+01	
448	1.350017e-07	-3.368226e-01	1.200000e+00	1.080000e+01	
449	1.350018e-07	-3.510566e-01	1.200000e+00	1.080000e+01	
450	1.350020e-07	-3.660450e-01	1.200000e+00	1.080000e+01	
451	1.350020e-07	-3.577571e-01	1.200000e+00	1.080000e+01	
452	1.350020e-07	-3.458216e-01	1.200000e+00	1.080000e+01	
453	1.350020e-07	-3.360232e-01	1.200000e+00	1.080000e+01	
454	1.350020e-07	-3.311087e-01	1.200000e+00	1.080000e+01	
455	1.350021e-07	-3.269640e-01	1.200000e+00	1.080000e+01	
456	1.350021e-07	-3.202189e-01	1.200000e+00	1.080000e+01	
457	1.350022e-07	-3.087020e-01	1.200000e+00	1.080000e+01	
458	1.350023e-07	-2.093515e-01	1.200000e+00	1.080000e+01	
459	1.350025e-07	-1.582228e-01	1.200000e+00	1.080000e+01	
460	1.350027e-07	-1.534319e-01	1.200000e+00	1.080000e+01	
461	1.350030e-07	-1.489180e-01	1.200000e+00	1.080000e+01	
462	1.350035e-07	-1.465542e-01	1.200000e+00	1.080000e+01	
463	1.350044e-07	-1.420373e-01	1.200000e+00	1.080000e+01	
464	1.350063e-07	-1.371256e-01	1.200000e+00	1.080000e+01	
465	1.350100e-07	-1.322225e-01	1.200000e+00	1.080000e+01	
466	1.350139e-07	-1.293736e-01	1.200000e+00	1.080000e+01	
467	1.350199e-07	-1.248783e-01	1.200000e+00	1.080000e+01	
468	1.350277e-07	-1.195638e-01	1.200000e+00	1.080000e+01	
469	1.350432e-07	-1.092294e-01	1.200000e+00	1.080000e+01	
470	1.350736e-07	-9.192138e-02	1.200000e+00	1.080000e+01	
471	1.351342e-07	-6.470361e-02	1.200000e+00	1.080000e+01	
472	1.352556e-07	-3.164573e-02	1.200000e+00	1.080000e+01	
473	1.354273e-07	-1.087033e-02	1.200000e+00	1.080000e+01	
474	1.357242e-07	-1.033257e-03	1.200000e+00	1.080000e+01	
475	1.361129e-07	1.090194e-04	1.200000e+00	1.080000e+01	
476	1.366973e-07	-7.568560e-05	1.200000e+00	1.080000e+01	
477	1.374079e-07	6.901288e-05	1.200000e+00	1.080000e+01	
478	1.385600e-07	-6.738048e-05	1.200000e+00	1.080000e+01	
479	1.407326e-07	6.692537e-05	1.200000e+00	1.080000e+01	
480	1.450777e-07	-6.668275e-05	1.200000e+00	1.080000e+01	
481	1.500000e-07	6.658108e-05	1.200000e+00	1.080000e+01	
482	1.500000e-07	3.824275e-02	1.200000e+00	1.080000e+01	
483	1.500000e-07	1.047807e-01	1.200000e+00	1.080000e+01	
484	1.500001e-07	1.937429e-01	1.200000e+00	1.080000e+01	
485	1.500002e-07	3.426118e-01	1.200000e+00	1.080000e+01	
486	1.500003e-07	6.792070e-01	1.200000e+00	1.080000e+01	
487	1.500004e-07	1.046025e+00	1.200000e+00	1.080000e+01	
488	1.500006e-07	1.747279e+00	1.200000e+00	1.080000e+01	
489	1.500007e-07	1.851004e+00	1.200000e+00	1.080000e+01	
490	1.500007e-07	2.058427e+00	1.200000e+00	1.080000e+01	
491	1.500009e-07	2.470124e+00	1.200000e+00	1.080000e+01	
492	1.500010e-07	2.925600e+00	1.200000e+00	1.080000e+01	
493	1.500010e-07	2.918351e+00	1.200000e+00	1.080000e+01	
494	1.500010e-07	2.903797e+00	1.200000e+00	1.080000e+01	
495	1.500010e-07	2.874322e+00	1.200000e+00	1.080000e+01	
496	1.500010e-07	2.843330e+00	1.200000e+00	1.080000e+01	
497	1.500010e-07	2.806011e+00	1.200000e+00	1.080000e+01	
498	1.500011e-07	2.726055e+00	1.200000e+00	1.080000e+01	
499	1.500011e-07	2.552370e+00	1.200000e+00	1.080000e+01	
500	1.500012e-07	2.327147e+00	1.200000e+00	1.080000e+01	
501	1.500013e-07	2.197624e+00	1.200000e+00	1.080000e+01	
502	1.500013e-07	2.176131e+00	1.200000e+00	1.080000e+01	
503	1.500013e-07	2.137111e+00	1.200000e+00	1.080000e+01	
504	1.500014e-07	2.066383e+00	1.200000e+00	1.080000e+01	
505	1.500015e-07	1.931652e+00	1.200000e+00	1.080000e+01	
506	1.500017e-07	1.692480e+00	1.200000e+00	1.080000e+01	
507	1.500020e-07	1.467176e+00	1.200000e+00	1.080000e+01	
508	1.500020e-07	1.473827e+00	1.200000e+00	1.080000e+01	
509	1.500020e-07	1.480426e+00	1.200000e+00	1.080000e+01	
510	1.500020e-07	1.480212e+00	1.200000e+00	1.080000e+01	
511	1.500020e-07	1.479618e+00	1.200000e+00	1.080000e+01	
512	1.500020e-07	1.477923e+00	1.200000e+00	1.080000e+01	
513	1.500021e-07	1.611394e+00	1.200000e+00	1.080000e+01	
514	1.500021e-07	1.941776e+00	1.200000e+00	1.080000e+01	
515	1.500022e-07	2.238770e+00	1.200000e+00	1.080000e+01	
516	1.500023e-07	2.320045e+00	1.200000e+00	1.080000e+01	
517	1.500024e-07	2.327679e+00	1.200000e+00	1.080000e+01	
518	1.500026e-07	2.288748e+00	1.200000e+00	1.080000e+01	
519	1.500028e-07	2.241220e+00	1.200000e+00	1.080000e+01	
520	1.500031e-07	2.153122e+00	1.200000e+00	1.080000e+01	
521	1.500038e-07	2.014926e+00	1.200000e+00	1.080000e+01	
522	1.500052e-07	1.840288e+00	1.200000e+00	1.080000e+01	
523	1.500079e-07	1.686667e+00	1.200000e+00	1.080000e+01	
524	1.500110e-07	1.635964e+00	1.200000e+00	1.080000e+01	
525	1.500161e-07	1.586577e+00	1.200000e+00	1.080000e+01	
526	1.500252e-07	1.508980e+00	1.200000e+00	1.080000e+01	
527	1.500433e-07	1.364168e+00	1.200000e+00	1.080000e+01	
528	1.500795e-07	1.115862e+00	1.200000e+00	1.080000e+01	
529	1.501520e-07	7.449889e-01	1.200000e+00	1.080000e+01	
530	1.502970e-07	3.226182e-01	1.200000e+00	1.080000e+01	
531	1.505870e-07	3.874291e-02	1.200000e+00	1.080000e+01	
532	1.509364e-07	1.032433e-03	1.200000e+00	1.080000e+01	
533	1.514369e-07	-1.723339e-04	1.200000e+00	1.080000e+01	
534	1.522097e-07	7.245615e-05	1.200000e+00	1.080000e+01	
535	1.537553e-07	-4.938785e-05	1.200000e+00	1.080000e+01	
536	1.568466e-07	4.252542e-05	1.200000e+00	1.080000e+01	
537	1.618466e-07	-3.865882e-05	1.200000e+00	1.080000e+01	
538	1.650010e-07	3.361305e-05	1.200000e+00	1.080000e+01	
539	1.650010e-07	-3.337579e-02	1.200000e+00	1.080000e+01	
540	1.650010e-07	-1.086693e-01	1.200000e+00	1.080000e+01	
541	1.650011e-07	-2.506290e-01	1.200000e+00	1.080000e+01	
542	1.650011e-07	-3.342848e-01	1.200000e+00	1.080000e+01	
543	1.650012e-07	-3.809910e-01	1.200000e+00	1.080000e+01	
544	1.650013e-07	-4.218448e-01	1.200000e+00	1.080000e+01	
545	1.650014e-07	-4.483078e-01	1.200000e+00	1.080000e+01	
546	1.650017e-07	-4.848556e-01	1.200000e+00	1.080000e+01	
547	1.650017e-07	-4.870116e-01	1.200000e+00	1.080000e+01	
548	1.650018e-07	-4.931942e-01	1.200000e+00	1.080000e+01	
549	1.650020e-07	-5.065588e-01	1.200000e+00	1.080000e+01	
550	1.650020e-07	-5.095339e-01	1.200000e+00	1.080000e+01	
551	1.650020e-07	-5.062446e-01	1.200000e+00	1.080000e+01	
552	1.650020e-07	-5.003714e-01	1.200000e+00	1.080000e+01	
553	1.650020e-07	-4.919849e-01	1.200000e+00	1.080000e+01	
554	1.650020e-07	-4.826600e-01	1.200000e+00	1.080000e+01	
555	1.650020e-07	-4.750013e-01	1.200000e+00	1.080000e+01	
556	1.650021e-07	-4.688299e-01	1.200000e+00	1.080000e+01	
557	1.650021e-07	-4.602459e-01	1.200000e+00	1.080000e+01	
558	1.650021e-07	-4.475744e-01	1.200000e+00	1.080000e+01	
559	1.650023e-07	-4.304719e-01	1.200000e+00	1.080000e+01	
560	1.650024e-07	-3.439332e-01	1.200000e+00	1.080000e+01	
561	1.650027e-07	-2.499548e-01	1.200000e+00	1.080000e+01	
562	1.650030e-07	-2.361646e-01	1.200000e+00	1.080000e+01	
563	1.650036e-07	-2.257606e-01	1.200000e+00	1.080000e+01	
564	1.650042e-07	-2.222028e-01	1.200000e+00	1.080000e+01	
565	1.650055e-07	-2.148308e-01	1.200000e+00	1.080000e+01	
566	1.650080e-07	-2.079562e-01	1.200000e+00	1.080000e+01	
567	1.650120e-07	-2.016213e-01	1.200000e+00	1.080000e+01	
568	1.650168e-07	-1.967652e-01	1.200000e+00	1.080000e+01	
569	1.650238e-07	-1.889380e-01	1.200000e+00	1.080000e+01	
570	1.650324e-07	-1.805383e-01	1.200000e+00	1.080000e+01	
571	1.650496e-07	-1.639402e-01	1.200000e+00	1.080000e+01	
572	1.650839e-07	-1.359766e-01	1.200000e+00	1.080000e+01	
573	1.651525e-07	-9.268281e-02	1.200000e+00	1.080000e+01	
574	1.652897e-07	-4.246908e-02	1.200000e+00	1.080000e+01	
575	1.654946e-07	-1.193766e-02	1.200000e+00	1.080000e+01	
576	1.657665e-07	-2.011793e-03	1.200000e+00	1.080000e+01	
577	1.662976e-07	4.830873e-04	1.200000e+00	1.080000e+01	
578	1.668453e-07	-2.159089e-04	1.200000e+00	1.080000e+01	
579	1.679408e-07	1.862578e-04	1.200000e+00	1.080000e+01	
580	1.692873e-07	-1.736394e-04	1.200000e+00	1.080000e+01	
581	1.708243e-07	1.673815e-04	1.200000e+00	1.080000e+01	
582	1.729473e-07	-1.643600e-04	1.200000e+00	1.080000e+01	
583	1.761435e-07	1.629709e-04	1.200000e+00	1.080000e+01	
584	1.800000e-07	-1.619473e-04	1.200000e+00	1.080000e+01	
585	1.800000e-07	8.033689e-02	1.200000e+00	1.080000e+01	
586	1.800000e-07	2.293330e-01	1.200000e+00	1.080000e+01	
587	1.800001e-07	4.680294e-01	1.200000e+00	1.080000e+01	
588	1.800002e-07	7.934326e-01	1.200000e+00	1.080000e+01	
589	1.800003e-07	1.361537e+00	1.200000e+00	1.080000e+01	
590	1.800004e-07	2.020193e+00	1.200000e+00	1.080000e+01	
591	1.800006e-07	3.388909e+00	1.200000e+00	1.080000e+01	
592	1.800008e-07	4.846433e+00	1.200000e+00	1.080000e+01	
593	1.800008e-07	5.000259e+00	1.200000e+00	1.080000e+01	
594	1.800009e-07	5.308942e+00	1.200000e+00	1.080000e+01	
595	1.800010e-07	5.928819e+00	1.200000e+00	1.080000e+01	
596	1.800010e-07	6.084313e+00	1.200000e+00	1.080000e+01	
597	1.800010e-07	6.079548e+00	1.200000e+00	1.080000e+01	
598	1.800010e-07	6.070017e+00	1.200000e+00	1.080000e+01	
599	1.800010e-07	6.050953e+00	1.200000e+00	1.080000e+01	
600	1.800010e-07	6.012817e+00	1.200000e+00	1.080000e+01	
601	1.800010e-07	5.972420e+00	1.200000e+00	1.080000e+01	
602	1.800010e-07	5.891496e+00	1.200000e+00	1.080000e+01	
603	1.800011e-07	5.794082e+00	1.200000e+00	1.080000e+01	
604	1.800011e-07	5.589153e+00	1.200000e+00	1.080000e+01	
605	1.800012e-07	5.229908e+00	1.200000e+00	1.080000e+01	
606	1.800013e-07	4.823599e+00	1.200000e+00	1.080000e+01	
607	1.800015e-07	4.333252e+00	1.200000e+00	1.080000e+01	
608	1.800015e-07	4.241194e+00	1.200000e+00	1.080000e+01	
609	1.800016e-07	4.071643e+00	1.200000e+00	1.080000e+01	
610	1.800017e-07	3.768205e+00	1.200000e+00	1.080000e+01	
611	1.800020e-07	3.244087e+00	1.200000e+00	1.080000e+01	
612	1.800020e-07	3.247447e+00	1.200000e+00	1.080000e+01	
613	1.800020e-07	3.248737e+00	1.200000e+00	1.080000e+01	
614	1.800020e-07	3.655131e+00	1.200000e+00	1.080000e+01	
615	1.800021e-07	4.067944e+00	1.200000e+00	1.080000e+01	
616	1.800021e-07	4.319529e+00	1.200000e+00	1.080000e+01	
617	1.800022e-07	4.527822e+00	1.200000e+00	1.080000e+01	
618	1.800023e-07	4.550776e+00	1.200000e+00	1.080000e+01	
619	1.800024e-07	4.486994e+00	1.200000e+00	1.080000e+01	
620	1.800026e-07	4.383039e+00	1.200000e+00	1.080000e+01	
621	1.800027e-07	4.293122e+00	1.200000e+00	1.080000e+01	
622	1.800030e-07	4.131423e+00	1.200000e+00	1.080000e+01	
623	1.800036e-07	3.869373e+00	1.200000e+00	1.080000e+01	
624	1.800048e-07	3.522012e+00	1.200000e+00	1.080000e+01	
625	1.800072e-07	3.212847e+00	1.200000e+00	1.080000e+01	
626	1.800107e-07	3.104376e+00	1.200000e+00	1.080000e+01	
627	1.800154e-07	3.040730e+00	1.200000e+00	1.080000e+01	
628	1.800239e-07	2.930326e+00	1.200000e+00	1.080000e+01	
629	1.800409e-07	2.724716e+00	1.200000e+00	1.080000e+01	
630	1.800715e-07	2.389835e+00	1.200000e+00	1.080000e+01	
631	1.801326e-07	1.758841e+00	1.200000e+00	1.080000e+01	
632	1.802474e-07	9.158046e-01	1.200000e+00	1.080000e+01	
633	1.803734e-07	4.481926e-01	1.200000e+00	1.080000e+01	
634	1.805512e-07	1.586869e-01	1.200000e+00	1.080000e+01	
635	1.809033e-07	5.582577e-03	1.200000e+00	1.080000e+01	
636	1.812897e-07	2.633790e-03	1.200000e+00	1.080000e+01	
637	1.819701e-07	1.436555e-03	1.200000e+00	1.080000e+01	
638	1.830681e-07	2.043194e-03	1.200000e+00	1.080000e+01	
639	1.852639e-07	5.700043e-04	1.200000e+00	1.080000e+01	
640	1.896557e-07	1.088708e-03	1.200000e+00	1.080000e+01	
641	1.946557e-07	-1.402723e-04	1.200000e+00	1.080000e+01	
642	1.950010e-07	8.557146e-04	1.200000e+00	1.080000e+01	
643	1.950010e-07	-3.258375e-02	1.200000e+00	1.080000e+01	
644	1.950010e-07	-1.079239e-01	1.200000e+00	1.080000e+01	
645	1.950011e-07	-2.737936e-01	1.200000e+00	1.080000e+01	
646	1.950011e-07	-3.540717e-01	1.200000e+00	1.080000e+01	
647	1.950012e-07	-3.895941e-01	1.200000e+00	1.080000e+01	
648	1.950013e-07	-4.318786e-01	1.200000e+00	1.080000e+01	
649	1.950015e-07	-4.518155e-01	1.200000e+00	1.080000e+01	
650	1.950018e-07	-4.904219e-01	1.200000e+00	1.080000e+01	
651	1.950020e-07	-5.072314e-01	1.200000e+00	1.080000e+01	
652	1.950020e-07	-4.985499e-01	1.200000e+00	1.080000e+01	
653	1.950020e-07	-4.862362e-01	1.200000e+00	1.080000e+01	
654	1.950020e-07	-4.755309e-01	1.200000e+00	1.080000e+01	
655	1.950021e-07	-4.680971e-01	1.200000e+00	1.080000e+01	
656	1.950021e-07	-4.615351e-01	1.200000e+00	1.080000e+01	
657	1.950021e-07	-4.505699e-01	1.200000e+00	1.080000e+01	
658	1.950022e-07	-4.361077e-01	1.200000e+00	1.080000e+01	
659	1.950024e-07	-3.745448e-01	1.200000e+00	1.080000e+01	
660	1.950027e-07	-2.452188e-01	1.200000e+00	1.080000e+01	
661	1.950031e-07	-2.344560e-01	1.200000e+00	1.080000e+01	
662	1.950036e-07	-2.247035e-01	1.200000e+00	1.080000e+01	
663	1.950042e-07	-2.222989e-01	1.200000e+00	1.080000e+01	
664	1.950053e-07	-2.149524e-01	1.200000e+00	1.080000e+01	
665	1.950073e-07	-2.090960e-01	1.200000e+00	1.080000e+01	
666	1.950108e-07	-2.023586e-01	1.200000e+00	1.080000e+01	
667	1.950154e-07	-1.977813e-01	1.200000e+00	1.080000e+01	
668	1.950218e-07	-1.903115e-01	1.200000e+00	1.080000e+01	
669	1.950313e-07	-1.812211e-01	1.200000e+00	1.080000e+01	
670	1.950495e-07	-1.632504e-01	1.200000e+00	1.080000e+01	
671	1.950860e-07	-1.339551e-01	1.200000e+00	1.080000e+01	
672	1.951590e-07	-8.864944e-02	1.200000e+00	1.080000e+01	
673	1.953050e-07	-3.831819e-02	1.200000e+00	1.080000e+01	
674	1.954986e-07	-1.112667e-02	1.200000e+00	1.080000e+01	
675	1.958283e-07	-3.603767e-04	1.200000e+00	1.080000e+01	
676	1.962614e-07	9.776207e-04	1.200000e+00	1.080000e+01	
677	1.968888e-07	2.900322e-04	1.200000e+00	1.080000e+01	
678	1.976818e-07	8.731860e-04	1.200000e+00	1.080000e+01	
679	1.989516e-07	2.152249e-04	1.200000e+00	1.080000e+01	
680	2.010384e-07	7.541681e-04	1.200000e+00	1.080000e+01	
681	2.052120e-07	4.828549e-05	1.200000e+00	1.080000e+01	
682	2.100000e-07	5.753211e-04	1.200000e+00	1.080000e+01	
683	2.100000e-07	4.110434e-02	1.200000e+00	1.080000e+01	
684	2.100000e-07	1.161258e-01	1.200000e+00	1.080000e+01	
685	2.100001e-07	2.363387e-01	1.200000e+00	1.080000e+01	
686	2.100002e-07	4.445512e-01	1.200000e+00	1.080000e+01	
687	2.100003e-07	8.872857e-01	1.200000e+00	1.080000e+01	
688	2.100004e-07	1.370813e+00	1.200000e+00	1.080000e+01	
689	2.100006e-07	2.190312e+00	1.200000e+00	1.080000e+01	
690	2.100008e-07	2.999889e+00	1.200000e+00	1.080000e+01	
691	2.100010e-07	3.918495e+00	1.200000e+00	1.080000e+01	
692	2.100010e-07	3.910264e+00	1.200000e+00	1.080000e+01	
693	2.100010e-07	3.893185e+00	1.200000e+00	1.080000e+01	
694	2.100010e-07	3.855608e+00	1.200000e+00	1.080000e+01	
695	2.100010e-07	3.809999e+00	1.200000e+00	1.080000e+01	
696	2.100011e-07	3.754004e+00	1.200000e+00	1.080000e+01	
697	2.100011e-07	3.625641e+00	1.200000e+00	1.080000e+01	
698	2.100011e-07	3.369921e+00	1.200000e+00	1.080000e+01	
699	2.100012e-07	3.153235e+00	1.200000e+00	1.080000e+01	
700	2.100013e-07	2.973957e+00	1.200000e+00	1.080000e+01	
701	2.100014e-07	2.761173e+00	1.200000e+00	1.080000e+01	
702	2.100015e-07	2.597292e+00	1.200000e+00	1.080000e+01	
703	2.100017e-07	2.293877e+00	1.200000e+00	1.080000e+01	
704	2.100017e-07	2.261328e+00	1.200000e+00	1.080000e+01	
705	2.100018e-07	2.195768e+00	1.200000e+00	1.080000e+01	
706	2.100019e-07	2.069264e+00	1.200000e+00	1.080000e+01	
707	2.100020e-07	1.962665e+00	1.200000e+00	1.080000e+01	
708	2.100020e-07	1.966527e+00	1.200000e+00	1.080000e+01	
709	2.100020e-07	1.971438e+00	1.200000e+00	1.080000e+01	
710	2.100020e-07	1.972500e+00	1.200000e+00	1.080000e+01	
711	2.100020e-07	1.983411e+00	1.200000e+00	1.080000e+01	
712	2.100021e-07	2.224508e+00	1.200000e+00	1.080000e+01	
713	2.100021e-07	2.598809e+00	1.200000e+00	1.080000e+01	
714	2.100022e-07	3.054642e+00	1.200000e+00	1.080000e+01	
715	2.100023e-07	3.287939e+00	1.200000e+00	1.080000e+01	
716	2.100024e-07	3.377577e+00	1.200000e+00	1.080000e+01	
717	2.100025e-07	3.378812e+00	1.200000e+00	1.080000e+01	
718	2.100026e-07	3.341004e+00	1.200000e+00	1.080000e+01	
719	2.100029e-07	3.242159e+00	1.200000e+00	1.080000e+01	
720	2.100034e-07	3.065906e+00	1.200000e+00	1.080000e+01	
721	2.100044e-07	2.829949e+00	1.200000e+00	1.080000e+01	
722	2.100062e-07	2.629770e+00	1.200000e+00	1.080000e+01	
723	2.100096e-07	2.518177e+00	1.200000e+00	1.080000e+01	
724	2.100136e-07	2.484630e+00	1.200000e+00	1.080000e+01	
725	2.100216e-07	2.418312e+00	1.200000e+00	1.080000e+01	
726	2.100376e-07	2.294526e+00	1.200000e+00	1.080000e+01	
727	2.100600e-07	2.132411e+00	1.200000e+00	1.080000e+01	
728	2.101046e-07	1.736356e+00	1.200000e+00	1.080000e+01	
729	2.101938e-07	1.076608e+00	1.200000e+00	1.080000e+01	
730	2.102920e-07	6.334920e-01	1.200000e+00	1.080000e+01	
731	2.104634e-07	2.452154e-01	1.200000e+00	1.080000e+01	
732	2.108062e-07	1.287149e-02	1.200000e+00	1.080000e+01	
733	2.111778e-07	1.813753e-03	1.200000e+00	1.080000e+01	
734	2.117746e-07	-1.612728e-03	1.200000e+00	1.080000e+01	
735	2.126968e-07	1.576982e-03	1.200000e+00	1.080000e+01	
736	2.145412e-07	-1.566728e-03	1.200000e+00	1.080000e+01	
737	2.182300e-07	1.564727e-03	1.200000e+00	1.080000e+01	
738	2.232300e-07	-1.562458e-03	1.200000e+00	1.080000e+01	
739	2.250010e-07	1.558666e-03	1.200000e+00	1.080000e+01	
740	2.250010e-07	-3.399865e-02	1.200000e+00	1.080000e+01	
741	2.250010e-07	-1.179489e-01	1.200000e+00	1.080000e+01	
742	2.250011e-07	-2.887463e-01	1.200000e+00	1.080000e+01	
743	2.250011e-07	-4.162415e-01	1.200000e+00	1.080000e+01	
744	2.250012e-07	-5.451559e-01	1.200000e+00	1.080000e+01	
745	2.250013e-07	-6.418621e-01	1.200000e+00	1.080000e+01	
746	2.250014e-07	-6.858572e-01	1.200000e+00	1.080000e+01	
747	2.250017e-07	-7.176410e-01	1.200000e+00	1.080000e+01	
748	2.250017e-07	-7.181735e-01	1.200000e+00	1.080000e+01	
749	2.250018e-07	-7.207050e-01	1.200000e+00	1.080000e+01	
750	2.250020e-07	-7.254641e-01	1.200000e+00	1.080000e+01	
751	2.250020e-07	-7.261219e-01	1.200000e+00	1.080000e+01	
752	2.250020e-07	-7.226519e-01	1.200000e+00	1.080000e+01	
753	2.250020e-07	-7.165003e-01	1.200000e+00	1.080000e+01	
754	2.250020e-07	-7.079076e-01	1.200000e+00	1.080000e+01	
755	2.250020e-07	-6.988360e-01	1.200000e+00	1.080000e+01	
756	2.250020e-07	-6.924037e-01	1.200000e+00	1.080000e+01	
757	2.250021e-07	-6.875963e-01	1.200000e+00	1.080000e+01	
758	2.250021e-07	-6.815610e-01	1.200000e+00	1.080000e+01	
759	2.250021e-07	-6.742249e-01	1.200000e+00	1.080000e+01	
760	2.250023e-07	-6.665767e-01	1.200000e+00	1.080000e+01	
761	2.250024e-07	-6.569082e-01	1.200000e+00	1.080000e+01	
762	2.250028e-07	-6.428310e-01	1.200000e+00	1.080000e+01	
763	2.250034e-07	-6.264616e-01	1.200000e+00	1.080000e+01	
764	2.250045e-07	-6.034618e-01	1.200000e+00	1.080000e+01	
765	2.250061e-07	-5.807396e-01	1.200000e+00	1.080000e+01	
766	2.250093e-07	-5.528026e-01	1.200000e+00	1.080000e+01	
767	2.250132e-07	-5.357006e-01	1.200000e+00	1.080000e+01	
768	2.250189e-07	-5.203701e-01	1.200000e+00	1.080000e+01	
769	2.250263e-07	-5.079040e-01	1.200000e+00	1.080000e+01	
770	2.250408e-07	-4.926419e-01	1.200000e+00	1.080000e+01	
771	2.250640e-07	-4.783939e-01	1.200000e+00	1.080000e+01	
772	2.250871e-07	-4.693588e-01	1.200000e+00	1.080000e+01	
773	2.251333e-07	-4.571144e-01	1.200000e+00	1.080000e+01	
774	2.252256e-07	-4.420779e-01	1.200000e+00	1.080000e+01	
775	2.254104e-07	-3.873176e-01	1.200000e+00	1.080000e+01	
776	2.256025e-07	-1.123573e-01	1.200000e+00	1.080000e+01	
777	2.258702e-07	1.205548e+00	1.200000e+00	1.080000e+01	
778	2.262058e-07	2.786758e+00	1.200000e+00	1.080000e+01	
779	2.265890e-07	3.988303e+00	1.200000e+00	1.080000e+01	
780	2.273553e-07	6.217028e+00	1.200000e+00	1.080000e+01	
781	2.280673e-07	7.815113e+00	1.200000e+00	1.080000e+01	
782	2.294913e-07	9.789527e+00	1.200000e+00	1.080000e+01	
783	2.323392e-07	1.142900e+01	1.200000e+00	1.080000e+01	
784	2.351558e-07	1.184938e+01	1.200000e+00	1.080000e+01	
785	2.390227e-07	1.198058e+01	1.200000e+00	1.080000e+01	
786	2.400000e-07	1.198846e+01	1.200000e+00	1.080000e+01	
787	2.400000e-07	1.213386e+01	1.200000e+00	1.080000e+01	
788	2.400000e-07	1.242454e+01	1.200000e+00	1.080000e+01	
789	2.400001e-07	1.298561e+01	1.200000e+00	1.080000e+01	
790	2.400002e-07	1.387585e+01	1.200000e+00	1.080000e+01	
791	2.400003e-07	1.459010e+01	1.200000e+00	1.080000e+01	
792	2.400004e-07	1.513707e+01	1.200000e+00	1.080000e+01	
793	2.400004e-07	1.524041e+01	1.200000e+00	1.080000e+01	
794	2.400005e-07	1.543463e+01	1.200000e+00	1.080000e+01	
795	2.400006e-07	1.574492e+01	1.200000e+00	1.080000e+01	
796	2.400008e-07	1.613471e+01	1.200000e+00	1.080000e+01	
797	2.400010e-07	1.628477e+01	1.200000e+00	1.080000e+01	
798	2.400010e-07	1.625337e+01	1.200000e+00	1.080000e+01	
799	2.400010e-07	1.619234e+01	1.200000e+00	1.080000e+01	
800	2.400010e-07	1.607779e+01	1.200000e+00	1.080000e+01	
801	2.400010e-07	1.596907e+01	1.200000e+00	1.080000e+01	
802	2.400010e-07	1.584973e+01	1.200000e+00	1.080000e+01	
803	2.400011e-07	1.562395e+01	1.200000e+00	1.080000e+01	
804	2.400011e-07	1.521808e+01	1.200000e+00	1.080000e+01	
805	2.400012e-07	1.455811e+01	1.200000e+00	1.080000e+01	
806	2.400014e-07	1.385318e+01	1.200000e+00	1.080000e+01	
807	2.400017e-07	1.313977e+01	1.200000e+00	1.080000e+01	
808	2.400021e-07	1.265874e+01	1.200000e+00	1.080000e+01	
809	2.400027e-07	1.240903e+01	1.200000e+00	1.080000e+01	
810	2.400035e-07	1.202583e+01	1.200000e+00	1.080000e+01	
811	2.400047e-07	1.093633e+01	1.200000e+00	1.080000e+01	
812	2.400069e-07	8.653529e+00	1.200000e+00	1.080000e+01	
813	2.400090e-07	7.156062e+00	1.200000e+00	1.080000e+01	
814	2.400131e-07	6.505069e+00	1.200000e+00	1.080000e+01	
815	2.400173e-07	6.148575e+00	1.200000e+00	1.080000e+01	
816	2.400218e-07	5.852127e+00	1.200000e+00	1.080000e+01	
817	2.400309e-07	5.377820e+00	1.200000e+00	1.080000e+01	
818	2.400490e-07	4.666275e+00	1.200000e+00	1.080000e+01	
819	2.400852e-07	3.650964e+00	1.200000e+00	1.080000e+01	
820	2.401575e-07	2.345564e+00	1.200000e+00	1.080000e+01	
821	2.403022e-07	9.886429e-01	1.200000e+00	1.080000e+01	
822	2.404991e-07	2.935860e-01	1.200000e+00	1.080000e+01	
823	2.407525e-07	5.196505e-02	1.200000e+00	1.080000e+01	
824	2.410515e-07	5.349252e-03	1.200000e+00	1.080000e+01	
825	2.414980e-07	-8.381242e-04	1.200000e+00	1.080000e+01	
826	2.422535e-07	4.985128e-04	1.200000e+00	1.080000e+01	
827	2.437647e-07	-4.251986e-04	1.200000e+00	1.080000e+01	
828	2.467870e-07	4.003045e-04	1.200000e+00	1.080000e+01	
829	2.500000e-07	-3.815492e-04	1.200000e+00	1.080000e+01	

elapsed time since last call: 0.000 seconds.

Total elapsed time: 0.000 seconds.

Current dynamic memory usage = 18759680,
Dynamic memory limit = 2147352576.

