# Mult

.i 8
.o 8
.ilb A3 A2 A1 A0 B3 B2 B1 B0
.ob S7 S6 S5 S4 S3 S2 S1 S0

0 0 0 0 0 0 0 0 0 0 0 0 0 0 0 0 
0 0 0 0 0 0 0 1 0 0 0 0 0 0 0 0 
0 0 0 0 0 0 1 0 0 0 0 0 0 0 0 0 
0 0 0 0 0 0 1 1 0 0 0 0 0 0 0 0 
0 0 0 0 0 1 0 0 0 0 0 0 0 0 0 0 
0 0 0 0 0 1 0 1 0 0 0 0 0 0 0 0 
0 0 0 0 0 1 1 0 0 0 0 0 0 0 0 0 
0 0 0 0 0 1 1 1 0 0 0 0 0 0 0 0 
0 0 0 0 1 0 0 0 0 0 0 0 0 0 0 0 
0 0 0 0 1 0 0 1 0 0 0 0 0 0 0 0 
0 0 0 1 0 0 0 0 0 0 0 0 0 0 0 0 
0 0 0 1 0 0 0 1 0 0 0 0 0 0 0 1 
0 0 0 1 0 0 1 0 0 0 0 0 0 0 1 0 
0 0 0 1 0 0 1 1 0 0 0 0 0 0 1 1 
0 0 0 1 0 1 0 0 0 0 0 0 0 1 0 0 
0 0 0 1 0 1 0 1 0 0 0 0 0 1 0 1 
0 0 0 1 0 1 1 0 0 0 0 0 0 1 1 0 
0 0 0 1 0 1 1 1 0 0 0 0 0 1 1 1 
0 0 0 1 1 0 0 0 0 0 0 0 1 0 0 0 
0 0 0 1 1 0 0 1 0 0 0 0 1 0 0 1 
0 0 1 0 0 0 0 0 0 0 0 0 0 0 0 0 
0 0 1 0 0 0 0 1 0 0 0 0 0 0 1 0 
0 0 1 0 0 0 1 0 0 0 0 0 0 1 0 0 
0 0 1 0 0 0 1 1 0 0 0 0 0 1 1 0 
0 0 1 0 0 1 0 0 0 0 0 0 1 0 0 0 
0 0 1 0 0 1 0 1 0 0 0 0 1 0 1 0 
0 0 1 0 0 1 1 0 0 0 0 0 1 1 0 0 
0 0 1 0 0 1 1 1 0 0 0 0 1 1 1 0 
0 0 1 0 1 0 0 0 0 0 0 1 0 0 0 0 
0 0 1 0 1 0 0 1 0 0 0 1 0 0 1 0 
0 0 1 1 0 0 0 0 0 0 0 0 0 0 0 0 
0 0 1 1 0 0 0 1 0 0 0 0 0 0 1 1 
0 0 1 1 0 0 1 0 0 0 0 0 0 1 1 0 
0 0 1 1 0 0 1 1 0 0 0 0 1 0 0 1 
0 0 1 1 0 1 0 0 0 0 0 0 1 1 0 0 
0 0 1 1 0 1 0 1 0 0 0 0 1 1 1 1 
0 0 1 1 0 1 1 0 0 0 0 1 0 0 1 0 
0 0 1 1 0 1 1 1 0 0 0 1 0 1 0 1 
0 0 1 1 1 0 0 0 0 0 0 1 1 0 0 0 
0 0 1 1 1 0 0 1 0 0 0 1 1 0 1 1 
0 1 0 0 0 0 0 0 0 0 0 0 0 0 0 0 
0 1 0 0 0 0 0 1 0 0 0 0 0 1 0 0 
0 1 0 0 0 0 1 0 0 0 0 0 1 0 0 0 
0 1 0 0 0 0 1 1 0 0 0 0 1 1 0 0 
0 1 0 0 0 1 0 0 0 0 0 1 0 0 0 0 
0 1 0 0 0 1 0 1 0 0 0 1 0 1 0 0 
0 1 0 0 0 1 1 0 0 0 0 1 1 0 0 0 
0 1 0 0 0 1 1 1 0 0 0 1 1 1 0 0 
0 1 0 0 1 0 0 0 0 0 1 0 0 0 0 0 
0 1 0 0 1 0 0 1 0 0 1 0 0 1 0 0 
0 1 0 1 0 0 0 0 0 0 0 0 0 0 0 0 
0 1 0 1 0 0 0 1 0 0 0 0 0 1 0 1 
0 1 0 1 0 0 1 0 0 0 0 0 1 0 1 0 
0 1 0 1 0 0 1 1 0 0 0 0 1 1 1 1 
0 1 0 1 0 1 0 0 0 0 0 1 0 1 0 0 
0 1 0 1 0 1 0 1 0 0 0 1 1 0 0 1 
0 1 0 1 0 1 1 0 0 0 0 1 1 1 1 0 
0 1 0 1 0 1 1 1 0 0 1 0 0 0 1 1 
0 1 0 1 1 0 0 0 0 0 1 0 1 0 0 0 
0 1 0 1 1 0 0 1 0 0 1 0 1 1 0 1 
0 1 1 0 0 0 0 0 0 0 0 0 0 0 0 0 
0 1 1 0 0 0 0 1 0 0 0 0 0 1 1 0 
0 1 1 0 0 0 1 0 0 0 0 0 1 1 0 0 
0 1 1 0 0 0 1 1 0 0 0 1 0 0 1 0 
0 1 1 0 0 1 0 0 0 0 0 1 1 0 0 0 
0 1 1 0 0 1 0 1 0 0 0 1 1 1 1 0 
0 1 1 0 0 1 1 0 0 0 1 0 0 1 0 0 
0 1 1 0 0 1 1 1 0 0 1 0 1 0 1 0 
0 1 1 0 1 0 0 0 0 0 1 1 0 0 0 0 
0 1 1 0 1 0 0 1 0 0 1 1 0 1 1 0 
0 1 1 1 0 0 0 0 0 0 0 0 0 0 0 0 
0 1 1 1 0 0 0 1 0 0 0 0 0 1 1 1 
0 1 1 1 0 0 1 0 0 0 0 0 1 1 1 0 
0 1 1 1 0 0 1 1 0 0 0 1 0 1 0 1 
0 1 1 1 0 1 0 0 0 0 0 1 1 1 0 0 
0 1 1 1 0 1 0 1 0 0 1 0 0 0 1 1 
0 1 1 1 0 1 1 0 0 0 1 0 1 0 1 0 
0 1 1 1 0 1 1 1 0 0 1 1 0 0 0 1 
0 1 1 1 1 0 0 0 0 0 1 1 1 0 0 0 
0 1 1 1 1 0 0 1 0 0 1 1 1 1 1 1 
1 0 0 0 0 0 0 0 0 0 0 0 0 0 0 0 
1 0 0 0 0 0 0 1 0 0 0 0 1 0 0 0 
1 0 0 0 0 0 1 0 0 0 0 1 0 0 0 0 
1 0 0 0 0 0 1 1 0 0 0 1 1 0 0 0 
1 0 0 0 0 1 0 0 0 0 1 0 0 0 0 0 
1 0 0 0 0 1 0 1 0 0 1 0 1 0 0 0 
1 0 0 0 0 1 1 0 0 0 1 1 0 0 0 0 
1 0 0 0 0 1 1 1 0 0 1 1 1 0 0 0 
1 0 0 0 1 0 0 0 0 1 0 0 0 0 0 0 
1 0 0 0 1 0 0 1 0 1 0 0 1 0 0 0 
1 0 0 1 0 0 0 0 0 0 0 0 0 0 0 0 
1 0 0 1 0 0 0 1 0 0 0 0 1 0 0 1 
1 0 0 1 0 0 1 0 0 0 0 1 0 0 1 0 
1 0 0 1 0 0 1 1 0 0 0 1 1 0 1 1 
1 0 0 1 0 1 0 0 0 0 1 0 0 1 0 0 
1 0 0 1 0 1 0 1 0 0 1 0 1 1 0 1 
1 0 0 1 0 1 1 0 0 0 1 1 0 1 1 0 
1 0 0 1 0 1 1 1 0 0 1 1 1 1 1 1 
1 0 0 1 1 0 0 0 0 1 0 0 1 0 0 0 
1 0 0 1 1 0 0 1 0 1 0 1 0 0 0 1 
.e
