
Circuit: Titulo: Circuito Inversor c/ transistor MOS

Warning: Pd = 0 is less than W.
Warning: Ps = 0 is less than W.
Warning: Pd = 0 is less than W.
Warning: Ps = 0 is less than W.
Circuit: Titulo: Circuito Inversor c/ transistor MOS
Date: Mon Sep 06 12:26:14  2010


                  Titulo: Circuito Inversor c/ transistor MOS
                  Transient Analysis  Mon Sep 06 12:26:14  2010
--------------------------------------------------------------------------------
Index   time            v(2)            v(3)            v(10)           
--------------------------------------------------------------------------------
0	0.000000e+00	0.000000e+00	1.200000e+01	1.200000e+00	
1	1.000000e-14	1.200000e-01	1.200097e+01	1.200000e+00	
2	2.000000e-14	2.400000e-01	1.200281e+01	1.200000e+00	
3	4.000000e-14	4.800000e-01	1.200804e+01	1.200000e+00	
4	8.000000e-14	9.600000e-01	1.202603e+01	1.200000e+00	
5	1.600000e-13	1.920000e+00	1.207464e+01	1.200000e+00	
6	2.456567e-13	2.947881e+00	1.212910e+01	1.200000e+00	
7	3.505952e-13	4.207142e+00	1.219371e+01	1.200000e+00	
8	5.376647e-13	6.451976e+00	1.230409e+01	1.200000e+00	
9	7.859393e-13	9.431272e+00	1.244025e+01	1.200000e+00	
10	1.000000e-12	1.200000e+01	1.254892e+01	1.200000e+00	
11	1.003736e-12	1.200000e+01	1.255059e+01	1.200000e+00	
12	1.011209e-12	1.200000e+01	1.255369e+01	1.200000e+00	
13	1.026154e-12	1.200000e+01	1.255869e+01	1.200000e+00	
14	1.045872e-12	1.200000e+01	1.256351e+01	1.200000e+00	
15	1.068378e-12	1.200000e+01	1.256734e+01	1.200000e+00	
16	1.113390e-12	1.200000e+01	1.257201e+01	1.200000e+00	
17	1.203415e-12	1.200000e+01	1.257618e+01	1.200000e+00	
18	1.383464e-12	1.200000e+01	1.257901e+01	1.200000e+00	
19	1.616956e-12	1.200000e+01	1.257890e+01	1.200000e+00	
20	1.919428e-12	1.200000e+01	1.257445e+01	1.200000e+00	
21	2.483271e-12	1.200000e+01	1.256072e+01	1.200000e+00	
22	3.610957e-12	1.200000e+01	1.252451e+01	1.200000e+00	
23	5.134854e-12	1.200000e+01	1.246253e+01	1.200000e+00	
24	7.899818e-12	1.200000e+01	1.232941e+01	1.200000e+00	
25	1.162563e-11	1.200000e+01	1.213539e+01	1.200000e+00	
26	1.758962e-11	1.200000e+01	1.182303e+01	1.200000e+00	
27	2.707407e-11	1.200000e+01	1.133165e+01	1.200000e+00	
28	3.603455e-11	1.200000e+01	1.087407e+01	1.200000e+00	
29	5.395551e-11	1.200000e+01	9.981879e+00	1.200000e+00	
30	8.979744e-11	1.200000e+01	8.308506e+00	1.200000e+00	
31	1.318055e-10	1.200000e+01	6.665550e+00	1.200000e+00	
32	1.730675e-10	1.200000e+01	5.622267e+00	1.200000e+00	
33	2.245010e-10	1.200000e+01	4.670797e+00	1.200000e+00	
34	2.899973e-10	1.200000e+01	3.725532e+00	1.200000e+00	
35	4.170132e-10	1.200000e+01	2.444673e+00	1.200000e+00	
36	6.125948e-10	1.200000e+01	1.262109e+00	1.200000e+00	
37	8.137598e-10	1.200000e+01	6.437469e-01	1.200000e+00	
38	1.048146e-09	1.200000e+01	2.815969e-01	1.200000e+00	
39	1.319322e-09	1.200000e+01	1.122971e-01	1.200000e+00	
40	1.679094e-09	1.200000e+01	2.468496e-02	1.200000e+00	
41	2.147895e-09	1.200000e+01	6.681610e-03	1.200000e+00	
42	3.069341e-09	1.200000e+01	-3.849921e-03	1.200000e+00	
43	4.069341e-09	1.200000e+01	3.261898e-03	1.200000e+00	
44	5.069341e-09	1.200000e+01	-3.106657e-03	1.200000e+00	
45	6.069341e-09	1.200000e+01	3.057246e-03	1.200000e+00	
46	7.069341e-09	1.200000e+01	-3.034411e-03	1.200000e+00	
47	8.069341e-09	1.200000e+01	3.018997e-03	1.200000e+00	
48	9.069341e-09	1.200000e+01	-3.004625e-03	1.200000e+00	
49	1.006934e-08	1.200000e+01	2.991485e-03	1.200000e+00	
50	1.106934e-08	1.200000e+01	-2.977786e-03	1.200000e+00	
51	1.206934e-08	1.200000e+01	2.964923e-03	1.200000e+00	
52	1.306934e-08	1.200000e+01	-2.951405e-03	1.200000e+00	
53	1.406934e-08	1.200000e+01	2.938692e-03	1.200000e+00	
54	1.500100e-08	1.200000e+01	-2.924360e-03	1.200000e+00	
55	1.500101e-08	1.185000e+01	-4.304200e-03	1.200000e+00	
56	1.500104e-08	1.155000e+01	-9.845633e-03	1.200000e+00	
57	1.500109e-08	1.095000e+01	-3.594889e-02	1.200000e+00	
58	1.500116e-08	1.006912e+01	-9.286790e-02	1.200000e+00	
59	1.500126e-08	8.879674e+00	-1.731511e-01	1.200000e+00	
60	1.500137e-08	7.569969e+00	-2.580897e-01	1.200000e+00	
61	1.500159e-08	4.950560e+00	-4.144013e-01	1.200000e+00	
62	1.500163e-08	4.492745e+00	-4.391903e-01	1.200000e+00	
63	1.500170e-08	3.577116e+00	-4.877305e-01	1.200000e+00	
64	1.500185e-08	1.745858e+00	-5.781199e-01	1.200000e+00	
65	1.500200e-08	1.248768e-11	-6.563906e-01	1.200000e+00	
66	1.500200e-08	0.000000e+00	-6.579858e-01	1.200000e+00	
67	1.500201e-08	0.000000e+00	-6.610004e-01	1.200000e+00	
68	1.500202e-08	0.000000e+00	-6.662059e-01	1.200000e+00	
69	1.500204e-08	0.000000e+00	-6.718218e-01	1.200000e+00	
70	1.500206e-08	0.000000e+00	-6.770812e-01	1.200000e+00	
71	1.500210e-08	0.000000e+00	-6.839271e-01	1.200000e+00	
72	1.500217e-08	0.000000e+00	-6.916759e-01	1.200000e+00	
73	1.500229e-08	0.000000e+00	-6.959579e-01	1.200000e+00	
74	1.500251e-08	0.000000e+00	-6.942829e-01	1.200000e+00	
75	1.500287e-08	0.000000e+00	-6.874239e-01	1.200000e+00	
76	1.500359e-08	0.000000e+00	-6.734272e-01	1.200000e+00	
77	1.500474e-08	0.000000e+00	-6.534809e-01	1.200000e+00	
78	1.500702e-08	0.000000e+00	-6.187241e-01	1.200000e+00	
79	1.501055e-08	0.000000e+00	-5.662808e-01	1.200000e+00	
80	1.501488e-08	0.000000e+00	-4.971709e-01	1.200000e+00	
81	1.502090e-08	0.000000e+00	-3.963183e-01	1.200000e+00	
82	1.502998e-08	0.000000e+00	-2.427012e-01	1.200000e+00	
83	1.504754e-08	0.000000e+00	5.426302e-02	1.200000e+00	
84	1.508268e-08	0.000000e+00	6.449388e-01	1.200000e+00	
85	1.515295e-08	0.000000e+00	1.805348e+00	1.200000e+00	
86	1.529350e-08	0.000000e+00	3.855484e+00	1.200000e+00	
87	1.557459e-08	0.000000e+00	6.343401e+00	1.200000e+00	
88	1.597629e-08	0.000000e+00	8.528574e+00	1.200000e+00	
89	1.638925e-08	0.000000e+00	9.918862e+00	1.200000e+00	
90	1.721516e-08	0.000000e+00	1.130844e+01	1.200000e+00	
91	1.821516e-08	0.000000e+00	1.184466e+01	1.200000e+00	
92	1.921516e-08	0.000000e+00	1.196083e+01	1.200000e+00	
93	2.021516e-08	0.000000e+00	1.199528e+01	1.200000e+00	
94	2.121516e-08	0.000000e+00	1.199481e+01	1.200000e+00	
95	2.221516e-08	0.000000e+00	1.200293e+01	1.200000e+00	
96	2.321516e-08	0.000000e+00	1.199670e+01	1.200000e+00	
97	2.421516e-08	0.000000e+00	1.200334e+01	1.200000e+00	
98	2.521516e-08	0.000000e+00	1.199685e+01	1.200000e+00	
99	2.621516e-08	0.000000e+00	1.200331e+01	1.200000e+00	
100	2.721516e-08	0.000000e+00	1.199691e+01	1.200000e+00	
101	2.821516e-08	0.000000e+00	1.200325e+01	1.200000e+00	
102	2.921516e-08	0.000000e+00	1.199696e+01	1.200000e+00	
103	3.000000e-08	0.000000e+00	1.200320e+01	1.200000e+00	
104	3.000001e-08	1.500000e-01	1.200466e+01	1.200000e+00	
105	3.000004e-08	4.500000e-01	1.201015e+01	1.200000e+00	
106	3.000009e-08	1.050000e+00	1.203272e+01	1.200000e+00	
107	3.000019e-08	2.250000e+00	1.209442e+01	1.200000e+00	
108	3.000030e-08	3.576101e+00	1.216408e+01	1.200000e+00	
109	3.000041e-08	4.955771e+00	1.223353e+01	1.200000e+00	
110	3.000064e-08	7.715112e+00	1.236539e+01	1.200000e+00	
111	3.000068e-08	8.163092e+00	1.238567e+01	1.200000e+00	
112	3.000075e-08	9.059051e+00	1.242581e+01	1.200000e+00	
113	3.000090e-08	1.085097e+01	1.250316e+01	1.200000e+00	
114	3.000100e-08	1.200000e+01	1.255065e+01	1.200000e+00	
115	3.000100e-08	1.200000e+01	1.255175e+01	1.200000e+00	
116	3.000101e-08	1.200000e+01	1.255383e+01	1.200000e+00	
117	3.000102e-08	1.200000e+01	1.255743e+01	1.200000e+00	
118	3.000103e-08	1.200000e+01	1.256211e+01	1.200000e+00	
119	3.000105e-08	1.200000e+01	1.256586e+01	1.200000e+00	
120	3.000108e-08	1.200000e+01	1.257035e+01	1.200000e+00	
121	3.000114e-08	1.200000e+01	1.257517e+01	1.200000e+00	
122	3.000124e-08	1.200000e+01	1.257885e+01	1.200000e+00	
123	3.000146e-08	1.200000e+01	1.258102e+01	1.200000e+00	
124	3.000170e-08	1.200000e+01	1.257974e+01	1.200000e+00	
125	3.000204e-08	1.200000e+01	1.257353e+01	1.200000e+00	
126	3.000273e-08	1.200000e+01	1.255545e+01	1.200000e+00	
127	3.000408e-08	1.200000e+01	1.250833e+01	1.200000e+00	
128	3.000609e-08	1.200000e+01	1.242016e+01	1.200000e+00	
129	3.000905e-08	1.200000e+01	1.227130e+01	1.200000e+00	
130	3.001341e-08	1.200000e+01	1.204323e+01	1.200000e+00	
131	3.002020e-08	1.200000e+01	1.168826e+01	1.200000e+00	
132	3.002889e-08	1.200000e+01	1.123976e+01	1.200000e+00	
133	3.003864e-08	1.200000e+01	1.074362e+01	1.200000e+00	
134	3.005815e-08	1.200000e+01	9.779362e+00	1.200000e+00	
135	3.009716e-08	1.200000e+01	7.986696e+00	1.200000e+00	
136	3.014106e-08	1.200000e+01	6.397998e+00	1.200000e+00	
137	3.018137e-08	1.200000e+01	5.450548e+00	1.200000e+00	
138	3.024833e-08	1.200000e+01	4.297245e+00	1.200000e+00	
139	3.031606e-08	1.200000e+01	3.415117e+00	1.200000e+00	
140	3.045152e-08	1.200000e+01	2.178832e+00	1.200000e+00	
141	3.066999e-08	1.200000e+01	1.037274e+00	1.200000e+00	
142	3.087805e-08	1.200000e+01	5.132676e-01	1.200000e+00	
143	3.110238e-08	1.200000e+01	2.348443e-01	1.200000e+00	
144	3.132508e-08	1.200000e+01	1.108655e-01	1.200000e+00	
145	3.158211e-08	1.200000e+01	4.291082e-02	1.200000e+00	
146	3.191319e-08	1.200000e+01	1.433716e-02	1.200000e+00	
147	3.246124e-08	1.200000e+01	-6.915848e-04	1.200000e+00	
148	3.320102e-08	1.200000e+01	1.255237e-03	1.200000e+00	
149	3.420102e-08	1.200000e+01	-1.294362e-03	1.200000e+00	
150	3.520102e-08	1.200000e+01	1.301526e-03	1.200000e+00	
151	3.620102e-08	1.200000e+01	-1.298624e-03	1.200000e+00	
152	3.720102e-08	1.200000e+01	1.293659e-03	1.200000e+00	
153	3.820102e-08	1.200000e+01	-1.287828e-03	1.200000e+00	
154	3.920102e-08	1.200000e+01	1.282161e-03	1.200000e+00	
155	4.020102e-08	1.200000e+01	-1.276209e-03	1.200000e+00	
156	4.120102e-08	1.200000e+01	1.270559e-03	1.200000e+00	
157	4.220102e-08	1.200000e+01	-1.264660e-03	1.200000e+00	
158	4.320102e-08	1.200000e+01	1.259071e-03	1.200000e+00	
159	4.420102e-08	1.200000e+01	-1.253235e-03	1.200000e+00	
160	4.500100e-08	1.200000e+01	1.246313e-03	1.200000e+00	
161	4.500101e-08	1.185000e+01	-1.864317e-04	1.200000e+00	
162	4.500104e-08	1.155000e+01	-5.831320e-03	1.200000e+00	
163	4.500109e-08	1.095000e+01	-3.211586e-02	1.200000e+00	
164	4.500116e-08	1.006894e+01	-8.924867e-02	1.200000e+00	
165	4.500126e-08	8.879223e+00	-1.697714e-01	1.200000e+00	
166	4.500137e-08	7.569720e+00	-2.549245e-01	1.200000e+00	
167	4.500159e-08	4.950715e+00	-4.116256e-01	1.200000e+00	
168	4.500163e-08	4.491738e+00	-4.365423e-01	1.200000e+00	
169	4.500170e-08	3.573784e+00	-4.853292e-01	1.200000e+00	
170	4.500186e-08	1.737877e+00	-5.761606e-01	1.200000e+00	
171	4.500200e-08	1.248768e-11	-6.542619e-01	1.200000e+00	
172	4.500200e-08	0.000000e+00	-6.558556e-01	1.200000e+00	
173	4.500201e-08	0.000000e+00	-6.588681e-01	1.200000e+00	
174	4.500202e-08	0.000000e+00	-6.640748e-01	1.200000e+00	
175	4.500204e-08	0.000000e+00	-6.697124e-01	1.200000e+00	
176	4.500206e-08	0.000000e+00	-6.749944e-01	1.200000e+00	
177	4.500210e-08	0.000000e+00	-6.818801e-01	1.200000e+00	
178	4.500217e-08	0.000000e+00	-6.897202e-01	1.200000e+00	
179	4.500229e-08	0.000000e+00	-6.941618e-01	1.200000e+00	
180	4.500250e-08	0.000000e+00	-6.926983e-01	1.200000e+00	
181	4.500287e-08	0.000000e+00	-6.860729e-01	1.200000e+00	
182	4.500359e-08	0.000000e+00	-6.723697e-01	1.200000e+00	
183	4.500473e-08	0.000000e+00	-6.528339e-01	1.200000e+00	
184	4.500699e-08	0.000000e+00	-6.185567e-01	1.200000e+00	
185	4.501053e-08	0.000000e+00	-5.661847e-01	1.200000e+00	
186	4.501484e-08	0.000000e+00	-4.973300e-01	1.200000e+00	
187	4.502086e-08	0.000000e+00	-3.965754e-01	1.200000e+00	
188	4.502988e-08	0.000000e+00	-2.437959e-01	1.200000e+00	
189	4.504740e-08	0.000000e+00	5.232059e-02	1.200000e+00	
190	4.508244e-08	0.000000e+00	6.413254e-01	1.200000e+00	
191	4.515251e-08	0.000000e+00	1.798564e+00	1.200000e+00	
192	4.529265e-08	0.000000e+00	3.845841e+00	1.200000e+00	
193	4.557294e-08	0.000000e+00	6.332073e+00	1.200000e+00	
194	4.597469e-08	0.000000e+00	8.521908e+00	1.200000e+00	
195	4.638655e-08	0.000000e+00	9.911874e+00	1.200000e+00	
196	4.721025e-08	0.000000e+00	1.130354e+01	1.200000e+00	
197	4.821025e-08	0.000000e+00	1.184352e+01	1.200000e+00	
198	4.921025e-08	0.000000e+00	1.196054e+01	1.200000e+00	
199	5.000000e-08	0.000000e+00	1.199142e+01	1.200000e+00	

                  Titulo: Circuito Inversor c/ transistor MOS
                  Transient Analysis  Mon Sep 06 12:26:14  2010
--------------------------------------------------------------------------------
Index   time            v(90)           
--------------------------------------------------------------------------------
0	0.000000e+00	1.080000e+01	
1	1.000000e-14	1.080000e+01	
2	2.000000e-14	1.080000e+01	
3	4.000000e-14	1.080000e+01	
4	8.000000e-14	1.080000e+01	
5	1.600000e-13	1.080000e+01	
6	2.456567e-13	1.080000e+01	
7	3.505952e-13	1.080000e+01	
8	5.376647e-13	1.080000e+01	
9	7.859393e-13	1.080000e+01	
10	1.000000e-12	1.080000e+01	
11	1.003736e-12	1.080000e+01	
12	1.011209e-12	1.080000e+01	
13	1.026154e-12	1.080000e+01	
14	1.045872e-12	1.080000e+01	
15	1.068378e-12	1.080000e+01	
16	1.113390e-12	1.080000e+01	
17	1.203415e-12	1.080000e+01	
18	1.383464e-12	1.080000e+01	
19	1.616956e-12	1.080000e+01	
20	1.919428e-12	1.080000e+01	
21	2.483271e-12	1.080000e+01	
22	3.610957e-12	1.080000e+01	
23	5.134854e-12	1.080000e+01	
24	7.899818e-12	1.080000e+01	
25	1.162563e-11	1.080000e+01	
26	1.758962e-11	1.080000e+01	
27	2.707407e-11	1.080000e+01	
28	3.603455e-11	1.080000e+01	
29	5.395551e-11	1.080000e+01	
30	8.979744e-11	1.080000e+01	
31	1.318055e-10	1.080000e+01	
32	1.730675e-10	1.080000e+01	
33	2.245010e-10	1.080000e+01	
34	2.899973e-10	1.080000e+01	
35	4.170132e-10	1.080000e+01	
36	6.125948e-10	1.080000e+01	
37	8.137598e-10	1.080000e+01	
38	1.048146e-09	1.080000e+01	
39	1.319322e-09	1.080000e+01	
40	1.679094e-09	1.080000e+01	
41	2.147895e-09	1.080000e+01	
42	3.069341e-09	1.080000e+01	
43	4.069341e-09	1.080000e+01	
44	5.069341e-09	1.080000e+01	
45	6.069341e-09	1.080000e+01	
46	7.069341e-09	1.080000e+01	
47	8.069341e-09	1.080000e+01	
48	9.069341e-09	1.080000e+01	
49	1.006934e-08	1.080000e+01	
50	1.106934e-08	1.080000e+01	
51	1.206934e-08	1.080000e+01	
52	1.306934e-08	1.080000e+01	
53	1.406934e-08	1.080000e+01	
54	1.500100e-08	1.080000e+01	
55	1.500101e-08	1.080000e+01	
56	1.500104e-08	1.080000e+01	
57	1.500109e-08	1.080000e+01	
58	1.500116e-08	1.080000e+01	
59	1.500126e-08	1.080000e+01	
60	1.500137e-08	1.080000e+01	
61	1.500159e-08	1.080000e+01	
62	1.500163e-08	1.080000e+01	
63	1.500170e-08	1.080000e+01	
64	1.500185e-08	1.080000e+01	
65	1.500200e-08	1.080000e+01	
66	1.500200e-08	1.080000e+01	
67	1.500201e-08	1.080000e+01	
68	1.500202e-08	1.080000e+01	
69	1.500204e-08	1.080000e+01	
70	1.500206e-08	1.080000e+01	
71	1.500210e-08	1.080000e+01	
72	1.500217e-08	1.080000e+01	
73	1.500229e-08	1.080000e+01	
74	1.500251e-08	1.080000e+01	
75	1.500287e-08	1.080000e+01	
76	1.500359e-08	1.080000e+01	
77	1.500474e-08	1.080000e+01	
78	1.500702e-08	1.080000e+01	
79	1.501055e-08	1.080000e+01	
80	1.501488e-08	1.080000e+01	
81	1.502090e-08	1.080000e+01	
82	1.502998e-08	1.080000e+01	
83	1.504754e-08	1.080000e+01	
84	1.508268e-08	1.080000e+01	
85	1.515295e-08	1.080000e+01	
86	1.529350e-08	1.080000e+01	
87	1.557459e-08	1.080000e+01	
88	1.597629e-08	1.080000e+01	
89	1.638925e-08	1.080000e+01	
90	1.721516e-08	1.080000e+01	
91	1.821516e-08	1.080000e+01	
92	1.921516e-08	1.080000e+01	
93	2.021516e-08	1.080000e+01	
94	2.121516e-08	1.080000e+01	
95	2.221516e-08	1.080000e+01	
96	2.321516e-08	1.080000e+01	
97	2.421516e-08	1.080000e+01	
98	2.521516e-08	1.080000e+01	
99	2.621516e-08	1.080000e+01	
100	2.721516e-08	1.080000e+01	
101	2.821516e-08	1.080000e+01	
102	2.921516e-08	1.080000e+01	
103	3.000000e-08	1.080000e+01	
104	3.000001e-08	1.080000e+01	
105	3.000004e-08	1.080000e+01	
106	3.000009e-08	1.080000e+01	
107	3.000019e-08	1.080000e+01	
108	3.000030e-08	1.080000e+01	
109	3.000041e-08	1.080000e+01	
110	3.000064e-08	1.080000e+01	
111	3.000068e-08	1.080000e+01	
112	3.000075e-08	1.080000e+01	
113	3.000090e-08	1.080000e+01	
114	3.000100e-08	1.080000e+01	
115	3.000100e-08	1.080000e+01	
116	3.000101e-08	1.080000e+01	
117	3.000102e-08	1.080000e+01	
118	3.000103e-08	1.080000e+01	
119	3.000105e-08	1.080000e+01	
120	3.000108e-08	1.080000e+01	
121	3.000114e-08	1.080000e+01	
122	3.000124e-08	1.080000e+01	
123	3.000146e-08	1.080000e+01	
124	3.000170e-08	1.080000e+01	
125	3.000204e-08	1.080000e+01	
126	3.000273e-08	1.080000e+01	
127	3.000408e-08	1.080000e+01	
128	3.000609e-08	1.080000e+01	
129	3.000905e-08	1.080000e+01	
130	3.001341e-08	1.080000e+01	
131	3.002020e-08	1.080000e+01	
132	3.002889e-08	1.080000e+01	
133	3.003864e-08	1.080000e+01	
134	3.005815e-08	1.080000e+01	
135	3.009716e-08	1.080000e+01	
136	3.014106e-08	1.080000e+01	
137	3.018137e-08	1.080000e+01	
138	3.024833e-08	1.080000e+01	
139	3.031606e-08	1.080000e+01	
140	3.045152e-08	1.080000e+01	
141	3.066999e-08	1.080000e+01	
142	3.087805e-08	1.080000e+01	
143	3.110238e-08	1.080000e+01	
144	3.132508e-08	1.080000e+01	
145	3.158211e-08	1.080000e+01	
146	3.191319e-08	1.080000e+01	
147	3.246124e-08	1.080000e+01	
148	3.320102e-08	1.080000e+01	
149	3.420102e-08	1.080000e+01	
150	3.520102e-08	1.080000e+01	
151	3.620102e-08	1.080000e+01	
152	3.720102e-08	1.080000e+01	
153	3.820102e-08	1.080000e+01	
154	3.920102e-08	1.080000e+01	
155	4.020102e-08	1.080000e+01	
156	4.120102e-08	1.080000e+01	
157	4.220102e-08	1.080000e+01	
158	4.320102e-08	1.080000e+01	
159	4.420102e-08	1.080000e+01	
160	4.500100e-08	1.080000e+01	
161	4.500101e-08	1.080000e+01	
162	4.500104e-08	1.080000e+01	
163	4.500109e-08	1.080000e+01	
164	4.500116e-08	1.080000e+01	
165	4.500126e-08	1.080000e+01	
166	4.500137e-08	1.080000e+01	
167	4.500159e-08	1.080000e+01	
168	4.500163e-08	1.080000e+01	
169	4.500170e-08	1.080000e+01	
170	4.500186e-08	1.080000e+01	
171	4.500200e-08	1.080000e+01	
172	4.500200e-08	1.080000e+01	
173	4.500201e-08	1.080000e+01	
174	4.500202e-08	1.080000e+01	
175	4.500204e-08	1.080000e+01	
176	4.500206e-08	1.080000e+01	
177	4.500210e-08	1.080000e+01	
178	4.500217e-08	1.080000e+01	
179	4.500229e-08	1.080000e+01	
180	4.500250e-08	1.080000e+01	
181	4.500287e-08	1.080000e+01	
182	4.500359e-08	1.080000e+01	
183	4.500473e-08	1.080000e+01	
184	4.500699e-08	1.080000e+01	
185	4.501053e-08	1.080000e+01	
186	4.501484e-08	1.080000e+01	
187	4.502086e-08	1.080000e+01	
188	4.502988e-08	1.080000e+01	
189	4.504740e-08	1.080000e+01	
190	4.508244e-08	1.080000e+01	
191	4.515251e-08	1.080000e+01	
192	4.529265e-08	1.080000e+01	
193	4.557294e-08	1.080000e+01	
194	4.597469e-08	1.080000e+01	
195	4.638655e-08	1.080000e+01	
196	4.721025e-08	1.080000e+01	
197	4.821025e-08	1.080000e+01	
198	4.921025e-08	1.080000e+01	
199	5.000000e-08	1.080000e+01	

elapsed time since last call: 0.000 seconds.

Total elapsed time: 0.000 seconds.

Current dynamic memory usage = 18759680,
Dynamic memory limit = 2147352576.

