
Circuit: Titulo: AP04_tB, Gabriel Barufi Veras - Exercício 3

Circuit: Titulo: AP04_tB, Gabriel Barufi Veras - Exercício 3
Date: Mon Aug 30 12:24:35  2010


                       Titulo: AP04_tB, Gabriel Barufi Veras - Exercício 3
                       Transient Analysis  Mon Aug 30 12:24:35  2010
--------------------------------------------------------------------------------
Index   time            v(1)            v(2)            v(3)            
--------------------------------------------------------------------------------
0	0.000000e+00	0.000000e+00	0.000000e+00	0.000000e+00	
1	1.000000e-14	0.000000e+00	0.000000e+00	0.000000e+00	
2	2.000000e-14	0.000000e+00	0.000000e+00	0.000000e+00	
3	4.000000e-14	0.000000e+00	0.000000e+00	0.000000e+00	
4	8.000000e-14	0.000000e+00	0.000000e+00	0.000000e+00	
5	1.600000e-13	0.000000e+00	0.000000e+00	0.000000e+00	
6	3.200000e-13	0.000000e+00	0.000000e+00	0.000000e+00	
7	6.400000e-13	0.000000e+00	0.000000e+00	0.000000e+00	
8	1.280000e-12	0.000000e+00	0.000000e+00	0.000000e+00	
9	2.560000e-12	0.000000e+00	0.000000e+00	0.000000e+00	
10	5.120000e-12	0.000000e+00	0.000000e+00	0.000000e+00	
11	1.024000e-11	0.000000e+00	0.000000e+00	0.000000e+00	
12	2.048000e-11	0.000000e+00	0.000000e+00	0.000000e+00	
13	4.096000e-11	0.000000e+00	0.000000e+00	0.000000e+00	
14	8.192000e-11	0.000000e+00	0.000000e+00	0.000000e+00	
15	1.638400e-10	0.000000e+00	0.000000e+00	0.000000e+00	
16	3.276800e-10	0.000000e+00	0.000000e+00	0.000000e+00	
17	5.676800e-10	0.000000e+00	0.000000e+00	0.000000e+00	
18	8.076800e-10	0.000000e+00	0.000000e+00	0.000000e+00	
19	1.047680e-09	0.000000e+00	0.000000e+00	0.000000e+00	
20	1.287680e-09	0.000000e+00	0.000000e+00	0.000000e+00	
21	1.527680e-09	0.000000e+00	0.000000e+00	0.000000e+00	
22	1.767680e-09	0.000000e+00	0.000000e+00	0.000000e+00	
23	2.007680e-09	0.000000e+00	0.000000e+00	0.000000e+00	
24	2.247680e-09	0.000000e+00	0.000000e+00	0.000000e+00	
25	2.487680e-09	0.000000e+00	0.000000e+00	0.000000e+00	
26	2.727680e-09	0.000000e+00	0.000000e+00	0.000000e+00	
27	2.967680e-09	0.000000e+00	0.000000e+00	0.000000e+00	
28	3.207680e-09	0.000000e+00	0.000000e+00	0.000000e+00	
29	3.447680e-09	0.000000e+00	0.000000e+00	0.000000e+00	
30	3.687680e-09	0.000000e+00	0.000000e+00	0.000000e+00	
31	3.927680e-09	0.000000e+00	0.000000e+00	0.000000e+00	
32	4.167680e-09	0.000000e+00	0.000000e+00	0.000000e+00	
33	4.407680e-09	0.000000e+00	0.000000e+00	0.000000e+00	
34	4.647680e-09	0.000000e+00	0.000000e+00	0.000000e+00	
35	4.887680e-09	0.000000e+00	0.000000e+00	0.000000e+00	
36	5.127680e-09	0.000000e+00	0.000000e+00	0.000000e+00	
37	5.367680e-09	0.000000e+00	0.000000e+00	0.000000e+00	
38	5.607680e-09	0.000000e+00	0.000000e+00	0.000000e+00	
39	5.847680e-09	0.000000e+00	0.000000e+00	0.000000e+00	
40	6.087680e-09	0.000000e+00	0.000000e+00	0.000000e+00	
41	6.327680e-09	0.000000e+00	0.000000e+00	0.000000e+00	
42	6.567680e-09	0.000000e+00	0.000000e+00	0.000000e+00	
43	6.807680e-09	0.000000e+00	0.000000e+00	0.000000e+00	
44	7.000000e-09	0.000000e+00	0.000000e+00	0.000000e+00	
45	7.001000e-09	1.200000e+00	1.456311e-02	7.326007e-03	
46	7.003000e-09	3.600000e+00	7.246206e-02	3.654059e-02	
47	7.007000e-09	8.400000e+00	3.567564e-01	1.812847e-01	
48	7.010000e-09	1.200000e+01	7.129655e-01	3.642193e-01	
49	7.010500e-09	1.200000e+01	7.819224e-01	3.998720e-01	
50	7.011501e-09	1.200000e+01	9.189937e-01	4.709588e-01	
51	7.013503e-09	1.200000e+01	1.188142e+00	6.118297e-01	
52	7.017505e-09	1.200000e+01	1.707062e+00	8.884389e-01	
53	7.025511e-09	1.200000e+01	2.671936e+00	1.421743e+00	
54	7.041523e-09	1.200000e+01	4.342487e+00	2.413363e+00	
55	7.073546e-09	1.200000e+01	6.859822e+00	4.130221e+00	
56	7.137592e-09	1.200000e+01	9.762309e+00	6.717336e+00	
57	7.224730e-09	1.200000e+01	1.132260e+01	8.947902e+00	
58	7.334746e-09	1.200000e+01	1.186894e+01	1.048954e+01	
59	7.477788e-09	1.200000e+01	1.199153e+01	1.141160e+01	
60	7.698010e-09	1.200000e+01	1.200127e+01	1.188640e+01	
61	7.938010e-09	1.200000e+01	1.199976e+01	1.198281e+01	
62	8.178010e-09	1.200000e+01	1.200005e+01	1.199740e+01	
63	8.418010e-09	1.200000e+01	1.199999e+01	1.199961e+01	
64	8.658010e-09	1.200000e+01	1.200000e+01	1.199994e+01	
65	8.898010e-09	1.200000e+01	1.200000e+01	1.199999e+01	
66	9.010000e-09	1.200000e+01	1.200000e+01	1.200000e+01	
67	9.011000e-09	1.080000e+01	1.198544e+01	1.199267e+01	
68	9.013000e-09	8.400000e+00	1.192754e+01	1.196346e+01	
69	9.017000e-09	3.600000e+00	1.164324e+01	1.181871e+01	
70	9.020000e-09	0.000000e+00	1.128703e+01	1.163578e+01	
71	9.020800e-09	0.000000e+00	1.117718e+01	1.157888e+01	
72	9.022400e-09	0.000000e+00	1.095962e+01	1.146564e+01	
73	9.025600e-09	0.000000e+00	1.053708e+01	1.124246e+01	
74	9.032000e-09	0.000000e+00	9.739953e+00	1.080902e+01	
75	9.044800e-09	0.000000e+00	8.320005e+00	9.991314e+00	
76	9.070400e-09	0.000000e+00	6.058942e+00	8.534721e+00	
77	9.121600e-09	0.000000e+00	3.159710e+00	6.215307e+00	
78	9.178476e-09	0.000000e+00	1.523553e+00	4.366808e+00	
79	9.229942e-09	0.000000e+00	7.916557e-01	3.174766e+00	
80	9.286617e-09	0.000000e+00	3.827934e-01	2.233392e+00	
81	9.339413e-09	0.000000e+00	1.953143e-01	1.610163e+00	
82	9.395342e-09	0.000000e+00	9.543096e-02	1.138092e+00	
83	9.457772e-09	0.000000e+00	4.252711e-02	7.718768e-01	
84	9.544338e-09	0.000000e+00	1.300091e-02	4.476454e-01	
85	9.653248e-09	0.000000e+00	2.578596e-03	2.232417e-01	
86	9.761853e-09	0.000000e+00	5.148950e-04	1.115651e-01	
87	9.878261e-09	0.000000e+00	8.555331e-05	5.280125e-02	
88	9.994283e-09	0.000000e+00	1.435343e-05	2.505765e-02	
89	1.016220e-08	0.000000e+00	-2.222981e-07	8.005801e-03	
90	1.036492e-08	0.000000e+00	2.427736e-08	1.862066e-03	
91	1.060492e-08	0.000000e+00	-4.652961e-09	2.818119e-04	
92	1.082987e-08	0.000000e+00	7.457707e-10	5.152145e-05	
93	1.100000e-08	0.000000e+00	-1.641729e-11	1.615820e-05	
94	1.100100e-08	1.200000e+00	1.456311e-02	7.342067e-03	
95	1.100300e-08	3.600000e+00	7.246206e-02	3.655645e-02	
96	1.100700e-08	8.400000e+00	3.567564e-01	1.813002e-01	
97	1.101000e-08	1.200000e+01	7.129655e-01	3.642345e-01	
98	1.101050e-08	1.200000e+01	7.823981e-01	4.001338e-01	
99	1.101151e-08	1.200000e+01	9.204092e-01	4.717110e-01	
100	1.101353e-08	1.200000e+01	1.191369e+00	6.135445e-01	
101	1.101756e-08	1.200000e+01	1.713648e+00	8.920085e-01	
102	1.102562e-08	1.200000e+01	2.684282e+00	1.428753e+00	
103	1.104174e-08	1.200000e+01	4.363159e+00	2.426270e+00	
104	1.107399e-08	1.200000e+01	6.888245e+00	4.151647e+00	
105	1.113848e-08	1.200000e+01	9.789034e+00	6.746668e+00	
106	1.122565e-08	1.200000e+01	1.133112e+01	8.965601e+00	
107	1.133611e-08	1.200000e+01	1.187186e+01	1.050284e+01	
108	1.147943e-08	1.200000e+01	1.199185e+01	1.141806e+01	
109	1.170115e-08	1.200000e+01	1.200125e+01	1.188955e+01	
110	1.194115e-08	1.200000e+01	1.199976e+01	1.198328e+01	
111	1.200000e-08	1.200000e+01	1.199989e+01	1.198840e+01	

                       Titulo: AP04_tB, Gabriel Barufi Veras - Exercício 3
                       Transient Analysis  Mon Aug 30 12:24:35  2010
--------------------------------------------------------------------------------
Index   time            v(4)            
--------------------------------------------------------------------------------
0	0.000000e+00	0.000000e+00	
1	1.000000e-14	0.000000e+00	
2	2.000000e-14	0.000000e+00	
3	4.000000e-14	0.000000e+00	
4	8.000000e-14	0.000000e+00	
5	1.600000e-13	0.000000e+00	
6	3.200000e-13	0.000000e+00	
7	6.400000e-13	0.000000e+00	
8	1.280000e-12	0.000000e+00	
9	2.560000e-12	0.000000e+00	
10	5.120000e-12	0.000000e+00	
11	1.024000e-11	0.000000e+00	
12	2.048000e-11	0.000000e+00	
13	4.096000e-11	0.000000e+00	
14	8.192000e-11	0.000000e+00	
15	1.638400e-10	0.000000e+00	
16	3.276800e-10	0.000000e+00	
17	5.676800e-10	0.000000e+00	
18	8.076800e-10	0.000000e+00	
19	1.047680e-09	0.000000e+00	
20	1.287680e-09	0.000000e+00	
21	1.527680e-09	0.000000e+00	
22	1.767680e-09	0.000000e+00	
23	2.007680e-09	0.000000e+00	
24	2.247680e-09	0.000000e+00	
25	2.487680e-09	0.000000e+00	
26	2.727680e-09	0.000000e+00	
27	2.967680e-09	0.000000e+00	
28	3.207680e-09	0.000000e+00	
29	3.447680e-09	0.000000e+00	
30	3.687680e-09	0.000000e+00	
31	3.927680e-09	0.000000e+00	
32	4.167680e-09	0.000000e+00	
33	4.407680e-09	0.000000e+00	
34	4.647680e-09	0.000000e+00	
35	4.887680e-09	0.000000e+00	
36	5.127680e-09	0.000000e+00	
37	5.367680e-09	0.000000e+00	
38	5.607680e-09	0.000000e+00	
39	5.847680e-09	0.000000e+00	
40	6.087680e-09	0.000000e+00	
41	6.327680e-09	0.000000e+00	
42	6.567680e-09	0.000000e+00	
43	6.807680e-09	0.000000e+00	
44	7.000000e-09	0.000000e+00	
45	7.001000e-09	3.674219e-03	
46	7.003000e-09	1.834860e-02	
47	7.007000e-09	9.138463e-02	
48	7.010000e-09	1.840959e-01	
49	7.010500e-09	2.022259e-01	
50	7.011501e-09	2.384304e-01	
51	7.013503e-09	3.105066e-01	
52	7.017505e-09	4.533380e-01	
53	7.025511e-09	7.337969e-01	
54	7.041523e-09	1.274524e+00	
55	7.073546e-09	2.279944e+00	
56	7.137592e-09	4.020696e+00	
57	7.224730e-09	5.904111e+00	
58	7.334746e-09	7.666152e+00	
59	7.477788e-09	9.227195e+00	
60	7.698010e-09	1.062866e+01	
61	7.938010e-09	1.136726e+01	
62	8.178010e-09	1.170805e+01	
63	8.418010e-09	1.186530e+01	
64	8.658010e-09	1.193785e+01	
65	8.898010e-09	1.197132e+01	
66	9.010000e-09	1.197974e+01	
67	9.011000e-09	1.197613e+01	
68	9.013000e-09	1.196158e+01	
69	9.017000e-09	1.188879e+01	
70	9.020000e-09	1.179626e+01	
71	9.020800e-09	1.176734e+01	
72	9.022400e-09	1.170966e+01	
73	9.025600e-09	1.159514e+01	
74	9.032000e-09	1.136944e+01	
75	9.044800e-09	1.093110e+01	
76	9.070400e-09	1.010416e+01	
77	9.121600e-09	8.631120e+00	
78	9.178476e-09	7.244530e+00	
79	9.229942e-09	6.183309e+00	
80	9.286617e-09	5.193181e+00	
81	9.339413e-09	4.414263e+00	
82	9.395342e-09	3.715991e+00	
83	9.457772e-09	3.065822e+00	
84	9.544338e-09	2.346360e+00	
85	9.653248e-09	1.673982e+00	
86	9.761853e-09	1.195429e+00	
87	9.878261e-09	8.328551e-01	
88	9.994283e-09	5.809612e-01	
89	1.016220e-08	3.427643e-01	
90	1.036492e-08	1.800211e-01	
91	1.060492e-08	8.306182e-02	
92	1.082987e-08	4.041018e-02	
93	1.100000e-08	2.366915e-02	
94	1.100100e-08	2.727090e-02	
95	1.100300e-08	4.180078e-02	
96	1.100700e-08	1.145505e-01	
97	1.101000e-08	2.070492e-01	
98	1.101050e-08	2.252695e-01	
99	1.101151e-08	2.616537e-01	
100	1.101353e-08	3.340854e-01	
101	1.101756e-08	4.776121e-01	
102	1.102562e-08	7.594004e-01	
103	1.104174e-08	1.302553e+00	
104	1.107399e-08	2.311979e+00	
105	1.113848e-08	4.057952e+00	
106	1.122565e-08	5.933285e+00	
107	1.133611e-08	7.692852e+00	
108	1.147943e-08	9.246819e+00	
109	1.170115e-08	1.064543e+01	
110	1.194115e-08	1.137500e+01	
111	1.200000e-08	1.147859e+01	

elapsed time since last call: 0.000 seconds.

Total elapsed time: 0.000 seconds.

Current dynamic memory usage = 18759680,
Dynamic memory limit = 2147352576.

