
Circuit: AP04_tB, Gabriel Barufi Veras - Exercício 2

Circuit: AP04_tB, Gabriel Barufi Veras - Exercício 2
Date: Mon Aug 30 12:05:45  2010


                       Titulo: AP04_tB, Gabriel Barufi Veras - Exercício 2
                       Transient Analysis  Mon Aug 30 12:05:45  2010
--------------------------------------------------------------------------------
Index   time            v(1)            v(2)            v(3)            
--------------------------------------------------------------------------------
0	0.000000e+00	1.400000e+01	1.076923e+01	9.692308e+00	
1	1.200000e-12	1.400000e+01	1.076923e+01	9.692308e+00	
2	2.400000e-12	1.400000e+01	1.076923e+01	9.692308e+00	
3	4.800000e-12	1.400000e+01	1.076923e+01	9.692308e+00	
4	9.600000e-12	1.400000e+01	1.076923e+01	9.692308e+00	
5	1.920000e-11	1.400000e+01	1.076923e+01	9.692308e+00	
6	3.840000e-11	1.400000e+01	1.076923e+01	9.692308e+00	
7	7.680000e-11	1.400000e+01	1.076923e+01	9.692308e+00	
8	1.536000e-10	1.400000e+01	1.076923e+01	9.692308e+00	
9	3.072000e-10	1.400000e+01	1.076923e+01	9.692308e+00	
10	6.144000e-10	1.400000e+01	1.076923e+01	9.692308e+00	
11	1.228800e-09	1.400000e+01	1.076923e+01	9.692308e+00	
12	2.457600e-09	1.400000e+01	1.076923e+01	9.692308e+00	
13	4.915200e-09	1.400000e+01	1.076923e+01	9.692308e+00	
14	9.830400e-09	1.400000e+01	1.076923e+01	9.692308e+00	
15	1.966080e-08	1.400000e+01	1.076923e+01	9.692308e+00	
16	3.932160e-08	1.400000e+01	1.076923e+01	9.692308e+00	
17	7.864320e-08	1.400000e+01	1.076923e+01	9.692308e+00	
18	1.572864e-07	1.400000e+01	1.076923e+01	9.692308e+00	
19	3.145728e-07	1.400000e+01	1.076923e+01	9.692308e+00	
20	6.291456e-07	1.400000e+01	1.076923e+01	9.692308e+00	
21	1.258291e-06	1.400000e+01	1.076923e+01	9.692308e+00	
22	2.516582e-06	1.400000e+01	1.076923e+01	9.692308e+00	
23	5.033165e-06	1.400000e+01	1.076923e+01	9.692308e+00	
24	1.006633e-05	1.400000e+01	1.076923e+01	9.692308e+00	
25	2.013266e-05	1.400000e+01	1.076923e+01	9.692308e+00	
26	4.026532e-05	1.400000e+01	1.076923e+01	9.692308e+00	
27	8.053064e-05	1.400000e+01	1.076923e+01	9.692308e+00	
28	1.610613e-04	1.400000e+01	1.076923e+01	9.692308e+00	
29	3.221225e-04	1.400000e+01	1.076923e+01	9.692308e+00	
30	6.442451e-04	1.400000e+01	1.076923e+01	9.692308e+00	
31	1.244245e-03	1.400000e+01	1.076923e+01	9.692308e+00	
32	1.844245e-03	1.400000e+01	1.076923e+01	9.692308e+00	
33	2.444245e-03	1.400000e+01	1.076923e+01	9.692308e+00	
34	3.044245e-03	1.400000e+01	1.076923e+01	9.692308e+00	
35	3.644245e-03	1.400000e+01	1.076923e+01	9.692308e+00	
36	4.244245e-03	1.400000e+01	1.076923e+01	9.692308e+00	
37	4.844245e-03	1.400000e+01	1.076923e+01	9.692308e+00	
38	5.444245e-03	1.400000e+01	1.076923e+01	9.692308e+00	
39	6.044245e-03	1.400000e+01	1.076923e+01	9.692308e+00	
40	6.644245e-03	1.400000e+01	1.076923e+01	9.692308e+00	
41	7.244245e-03	1.400000e+01	1.076923e+01	9.692308e+00	
42	7.844245e-03	1.400000e+01	1.076923e+01	9.692308e+00	
43	8.444245e-03	1.400000e+01	1.076923e+01	9.692308e+00	
44	9.044245e-03	1.400000e+01	1.076923e+01	9.692308e+00	
45	9.644245e-03	1.400000e+01	1.076923e+01	9.692308e+00	
46	1.024425e-02	1.400000e+01	1.076923e+01	9.692308e+00	
47	1.084425e-02	1.400000e+01	1.076923e+01	9.692308e+00	
48	1.144425e-02	1.400000e+01	1.076923e+01	9.692308e+00	
49	1.204425e-02	1.400000e+01	1.076923e+01	9.692308e+00	
50	1.264425e-02	1.400000e+01	1.076923e+01	9.692308e+00	
51	1.324425e-02	1.400000e+01	1.076923e+01	9.692308e+00	
52	1.384425e-02	1.400000e+01	1.076923e+01	9.692308e+00	
53	1.444425e-02	1.400000e+01	1.076923e+01	9.692308e+00	
54	1.504425e-02	1.400000e+01	1.076923e+01	9.692308e+00	
55	1.564425e-02	1.400000e+01	1.076923e+01	9.692308e+00	
56	1.624425e-02	1.400000e+01	1.076923e+01	9.692308e+00	
57	1.684425e-02	1.400000e+01	1.076923e+01	9.692308e+00	
58	1.744425e-02	1.400000e+01	1.076923e+01	9.692308e+00	
59	1.804425e-02	1.400000e+01	1.076923e+01	9.692308e+00	
60	1.864425e-02	1.400000e+01	1.076923e+01	9.692308e+00	
61	1.924425e-02	1.400000e+01	1.076923e+01	9.692308e+00	
62	1.984425e-02	1.400000e+01	1.076923e+01	9.692308e+00	
63	2.044425e-02	1.400000e+01	1.076923e+01	9.692308e+00	
64	2.104425e-02	1.400000e+01	1.076923e+01	9.692308e+00	
65	2.164425e-02	1.400000e+01	1.076923e+01	9.692308e+00	
66	2.224425e-02	1.400000e+01	1.076923e+01	9.692308e+00	
67	2.284425e-02	1.400000e+01	1.076923e+01	9.692308e+00	
68	2.344425e-02	1.400000e+01	1.076923e+01	9.692308e+00	
69	2.404425e-02	1.400000e+01	1.076923e+01	9.692308e+00	
70	2.464425e-02	1.400000e+01	1.076923e+01	9.692308e+00	
71	2.524425e-02	1.400000e+01	1.076923e+01	9.692308e+00	
72	2.584425e-02	1.400000e+01	1.076923e+01	9.692308e+00	
73	2.644425e-02	1.400000e+01	1.076923e+01	9.692308e+00	
74	2.704425e-02	1.400000e+01	1.076923e+01	9.692308e+00	
75	2.764425e-02	1.400000e+01	1.076923e+01	9.692308e+00	
76	2.824425e-02	1.400000e+01	1.076923e+01	9.692308e+00	
77	2.884425e-02	1.400000e+01	1.076923e+01	9.692308e+00	
78	2.944425e-02	1.400000e+01	1.076923e+01	9.692308e+00	
79	3.000000e-02	1.400000e+01	1.076923e+01	9.692308e+00	

                       Titulo: AP04_tB, Gabriel Barufi Veras - Exercício 2
                       Transient Analysis  Mon Aug 30 12:05:45  2010
--------------------------------------------------------------------------------
Index   time            v(4)            
--------------------------------------------------------------------------------
0	0.000000e+00	8.615385e+00	
1	1.200000e-12	8.615385e+00	
2	2.400000e-12	8.615385e+00	
3	4.800000e-12	8.615385e+00	
4	9.600000e-12	8.615385e+00	
5	1.920000e-11	8.615385e+00	
6	3.840000e-11	8.615385e+00	
7	7.680000e-11	8.615385e+00	
8	1.536000e-10	8.615385e+00	
9	3.072000e-10	8.615385e+00	
10	6.144000e-10	8.615385e+00	
11	1.228800e-09	8.615385e+00	
12	2.457600e-09	8.615385e+00	
13	4.915200e-09	8.615385e+00	
14	9.830400e-09	8.615385e+00	
15	1.966080e-08	8.615385e+00	
16	3.932160e-08	8.615385e+00	
17	7.864320e-08	8.615385e+00	
18	1.572864e-07	8.615385e+00	
19	3.145728e-07	8.615385e+00	
20	6.291456e-07	8.615385e+00	
21	1.258291e-06	8.615385e+00	
22	2.516582e-06	8.615385e+00	
23	5.033165e-06	8.615385e+00	
24	1.006633e-05	8.615385e+00	
25	2.013266e-05	8.615385e+00	
26	4.026532e-05	8.615385e+00	
27	8.053064e-05	8.615385e+00	
28	1.610613e-04	8.615385e+00	
29	3.221225e-04	8.615385e+00	
30	6.442451e-04	8.615385e+00	
31	1.244245e-03	8.615385e+00	
32	1.844245e-03	8.615385e+00	
33	2.444245e-03	8.615385e+00	
34	3.044245e-03	8.615385e+00	
35	3.644245e-03	8.615385e+00	
36	4.244245e-03	8.615385e+00	
37	4.844245e-03	8.615385e+00	
38	5.444245e-03	8.615385e+00	
39	6.044245e-03	8.615385e+00	
40	6.644245e-03	8.615385e+00	
41	7.244245e-03	8.615385e+00	
42	7.844245e-03	8.615385e+00	
43	8.444245e-03	8.615385e+00	
44	9.044245e-03	8.615385e+00	
45	9.644245e-03	8.615385e+00	
46	1.024425e-02	8.615385e+00	
47	1.084425e-02	8.615385e+00	
48	1.144425e-02	8.615385e+00	
49	1.204425e-02	8.615385e+00	
50	1.264425e-02	8.615385e+00	
51	1.324425e-02	8.615385e+00	
52	1.384425e-02	8.615385e+00	
53	1.444425e-02	8.615385e+00	
54	1.504425e-02	8.615385e+00	
55	1.564425e-02	8.615385e+00	
56	1.624425e-02	8.615385e+00	
57	1.684425e-02	8.615385e+00	
58	1.744425e-02	8.615385e+00	
59	1.804425e-02	8.615385e+00	
60	1.864425e-02	8.615385e+00	
61	1.924425e-02	8.615385e+00	
62	1.984425e-02	8.615385e+00	
63	2.044425e-02	8.615385e+00	
64	2.104425e-02	8.615385e+00	
65	2.164425e-02	8.615385e+00	
66	2.224425e-02	8.615385e+00	
67	2.284425e-02	8.615385e+00	
68	2.344425e-02	8.615385e+00	
69	2.404425e-02	8.615385e+00	
70	2.464425e-02	8.615385e+00	
71	2.524425e-02	8.615385e+00	
72	2.584425e-02	8.615385e+00	
73	2.644425e-02	8.615385e+00	
74	2.704425e-02	8.615385e+00	
75	2.764425e-02	8.615385e+00	
76	2.824425e-02	8.615385e+00	
77	2.884425e-02	8.615385e+00	
78	2.944425e-02	8.615385e+00	
79	3.000000e-02	8.615385e+00	

elapsed time since last call: 0.000 seconds.

Total elapsed time: 0.000 seconds.

Current dynamic memory usage = 18759680,
Dynamic memory limit = 2147352576.

