# 3 - Sintese com a opcao de otmizacao (sem compartilhamento).
#     espresso -oeqntott -Dso equacoes.txt > equacoes_out3.txt
#
#     SAIDA
#     F = (A&!B&!C) | (!A&B&C);
#     
# PROGRAMA ESPRESSO
# oito variaveis de entrada
.i 8
# dez variaveis de saida
.o 10
# nome das variaveis de entrada
.ilb A B C D E F G H
# nome da variavel de saida
.ob c1 c0 d3 d2 d1 d0 u3 u2 u1 u0
0 0 0 0 0 0 0 0 0 0 0 0 0 0 0 0 0 0
0 0 0 0 0 0 0 1 0 0 0 0 0 0 0 0 0 1
0 0 0 0 0 0 1 0 0 0 0 0 0 0 0 0 1 0
0 0 0 0 0 0 1 1 0 0 0 0 0 0 0 0 1 1
0 0 0 0 0 1 0 0 0 0 0 0 0 0 0 1 0 0
0 0 0 0 0 1 0 1 0 0 0 0 0 0 0 1 0 1
0 0 0 0 0 1 1 0 0 0 0 0 0 0 0 1 1 0
0 0 0 0 0 1 1 1 0 0 0 0 0 0 0 1 1 1
0 0 0 0 1 0 0 0 0 0 0 0 0 0 1 0 0 0
0 0 0 0 1 0 0 1 0 0 0 0 0 0 1 0 0 1
0 0 0 0 1 0 1 0 0 0 0 0 0 1 0 0 0 0
0 0 0 0 1 0 1 1 0 0 0 0 0 1 0 0 0 1
0 0 0 0 1 1 0 0 0 0 0 0 0 1 0 0 1 0
0 0 0 0 1 1 0 1 0 0 0 0 0 1 0 0 1 1
0 0 0 0 1 1 1 0 0 0 0 0 0 1 0 1 0 0
0 0 0 0 1 1 1 1 0 0 0 0 0 1 0 1 0 1
0 0 0 1 0 0 0 0 0 0 0 0 0 1 0 1 1 0
0 0 0 1 0 0 0 1 0 0 0 0 0 1 0 1 1 1
0 0 0 1 0 0 1 0 0 0 0 0 0 1 1 0 0 0
0 0 0 1 0 0 1 1 0 0 0 0 0 1 1 0 0 1
0 0 0 1 0 1 0 0 0 0 0 0 1 0 0 0 0 0
0 0 0 1 0 1 0 1 0 0 0 0 1 0 0 0 0 1
0 0 0 1 0 1 1 0 0 0 0 0 1 0 0 0 1 0
0 0 0 1 0 1 1 1 0 0 0 0 1 0 0 0 1 1
0 0 0 1 1 0 0 0 0 0 0 0 1 0 0 1 0 0
0 0 0 1 1 0 0 1 0 0 0 0 1 0 0 1 0 1
0 0 0 1 1 0 1 0 0 0 0 0 1 0 0 1 1 0
0 0 0 1 1 0 1 1 0 0 0 0 1 0 0 1 1 1
0 0 0 1 1 1 0 0 0 0 0 0 1 0 1 0 0 0
0 0 0 1 1 1 0 1 0 0 0 0 1 0 1 0 0 1
0 0 0 1 1 1 1 0 0 0 0 0 1 1 0 0 0 0
0 0 0 1 1 1 1 1 0 0 0 0 1 1 0 0 0 1
0 0 1 0 0 0 0 0 0 0 0 0 1 1 0 0 1 0
0 0 1 0 0 0 0 1 0 0 0 0 1 1 0 0 1 1
0 0 1 0 0 0 1 0 0 0 0 0 1 1 0 1 0 0
0 0 1 0 0 0 1 1 0 0 0 0 1 1 0 1 0 1
0 0 1 0 0 1 0 0 0 0 0 0 1 1 0 1 1 0
0 0 1 0 0 1 0 1 0 0 0 0 1 1 0 1 1 1
0 0 1 0 0 1 1 0 0 0 0 0 1 1 1 0 0 0
0 0 1 0 0 1 1 1 0 0 0 0 1 1 1 0 0 1
0 0 1 0 1 0 0 0 0 0 0 1 0 0 0 0 0 0
0 0 1 0 1 0 0 1 0 0 0 1 0 0 0 0 0 1
0 0 1 0 1 0 1 0 0 0 0 1 0 0 0 0 1 0
0 0 1 0 1 0 1 1 0 0 0 1 0 0 0 0 1 1
0 0 1 0 1 1 0 0 0 0 0 1 0 0 0 1 0 0
0 0 1 0 1 1 0 1 0 0 0 1 0 0 0 1 0 1
0 0 1 0 1 1 1 0 0 0 0 1 0 0 0 1 1 0
0 0 1 0 1 1 1 1 0 0 0 1 0 0 0 1 1 1
0 0 1 1 0 0 0 0 0 0 0 1 0 0 1 0 0 0
0 0 1 1 0 0 0 1 0 0 0 1 0 0 1 0 0 1
0 0 1 1 0 0 1 0 0 0 0 1 0 1 0 0 0 0
0 0 1 1 0 0 1 1 0 0 0 1 0 1 0 0 0 1
0 0 1 1 0 1 0 0 0 0 0 1 0 1 0 0 1 0
0 0 1 1 0 1 0 1 0 0 0 1 0 1 0 0 1 1
0 0 1 1 0 1 1 0 0 0 0 1 0 1 0 1 0 0
0 0 1 1 0 1 1 1 0 0 0 1 0 1 0 1 0 1
0 0 1 1 1 0 0 0 0 0 0 1 0 1 0 1 1 0
0 0 1 1 1 0 0 1 0 0 0 1 0 1 0 1 1 1
0 0 1 1 1 0 1 0 0 0 0 1 0 1 1 0 0 0
0 0 1 1 1 0 1 1 0 0 0 1 0 1 1 0 0 1
0 0 1 1 1 1 0 0 0 0 0 1 1 0 0 0 0 0
0 0 1 1 1 1 0 1 0 0 0 1 1 0 0 0 0 1
0 0 1 1 1 1 1 0 0 0 0 1 1 0 0 0 1 0
0 0 1 1 1 1 1 1 0 0 0 1 1 0 0 0 1 1
0 1 0 0 0 0 0 0 0 0 0 1 1 0 0 1 0 0
0 1 0 0 0 0 0 1 0 0 0 1 1 0 0 1 0 1
0 1 0 0 0 0 1 0 0 0 0 1 1 0 0 1 1 0
0 1 0 0 0 0 1 1 0 0 0 1 1 0 0 1 1 1
0 1 0 0 0 1 0 0 0 0 0 1 1 0 1 0 0 0
0 1 0 0 0 1 0 1 0 0 0 1 1 0 1 0 0 1
0 1 0 0 0 1 1 0 0 0 0 1 1 1 0 0 0 0
0 1 0 0 0 1 1 1 0 0 0 1 1 1 0 0 0 1
0 1 0 0 1 0 0 0 0 0 0 1 1 1 0 0 1 0
0 1 0 0 1 0 0 1 0 0 0 1 1 1 0 0 1 1
0 1 0 0 1 0 1 0 0 0 0 1 1 1 0 1 0 0
0 1 0 0 1 0 1 1 0 0 0 1 1 1 0 1 0 1
0 1 0 0 1 1 0 0 0 0 0 1 1 1 0 1 1 0
0 1 0 0 1 1 0 1 0 0 0 1 1 1 0 1 1 1
0 1 0 0 1 1 1 0 0 0 0 1 1 1 1 0 0 0
0 1 0 0 1 1 1 1 0 0 0 1 1 1 1 0 0 1
0 1 0 1 0 0 0 0 0 0 1 0 0 0 0 0 0 0
0 1 0 1 0 0 0 1 0 0 1 0 0 0 0 0 0 1
0 1 0 1 0 0 1 0 0 0 1 0 0 0 0 0 1 0
0 1 0 1 0 0 1 1 0 0 1 0 0 0 0 0 1 1
0 1 0 1 0 1 0 0 0 0 1 0 0 0 0 1 0 0
0 1 0 1 0 1 0 1 0 0 1 0 0 0 0 1 0 1
0 1 0 1 0 1 1 0 0 0 1 0 0 0 0 1 1 0
0 1 0 1 0 1 1 1 0 0 1 0 0 0 0 1 1 1
0 1 0 1 1 0 0 0 0 0 1 0 0 0 1 0 0 0
0 1 0 1 1 0 0 1 0 0 1 0 0 0 1 0 0 1
0 1 0 1 1 0 1 0 0 0 1 0 0 1 0 0 0 0
0 1 0 1 1 0 1 1 0 0 1 0 0 1 0 0 0 1
0 1 0 1 1 1 0 0 0 0 1 0 0 1 0 0 1 0
0 1 0 1 1 1 0 1 0 0 1 0 0 1 0 0 1 1
0 1 0 1 1 1 1 0 0 0 1 0 0 1 0 1 0 0
0 1 0 1 1 1 1 1 0 0 1 0 0 1 0 1 0 1
0 1 1 0 0 0 0 0 0 0 1 0 0 1 0 1 1 0
0 1 1 0 0 0 0 1 0 0 1 0 0 1 0 1 1 1
0 1 1 0 0 0 1 0 0 0 1 0 0 1 1 0 0 0
0 1 1 0 0 0 1 1 0 0 1 0 0 1 1 0 0 1
0 1 1 0 0 1 0 0 0 1 0 0 0 0 0 0 0 0
0 1 1 0 0 1 0 1 0 1 0 0 0 0 0 0 0 1
0 1 1 0 0 1 1 0 0 1 0 0 0 0 0 0 1 0
0 1 1 0 0 1 1 1 0 1 0 0 0 0 0 0 1 1
0 1 1 0 1 0 0 0 0 1 0 0 0 0 0 1 0 0
0 1 1 0 1 0 0 1 0 1 0 0 0 0 0 1 0 1
0 1 1 0 1 0 1 0 0 1 0 0 0 0 0 1 1 0
0 1 1 0 1 0 1 1 0 1 0 0 0 0 0 1 1 1
0 1 1 0 1 1 0 0 0 1 0 0 0 0 1 0 0 0
0 1 1 0 1 1 0 1 0 1 0 0 0 0 1 0 0 1
0 1 1 0 1 1 1 0 0 1 0 0 0 1 0 0 0 0
0 1 1 0 1 1 1 1 0 1 0 0 0 1 0 0 0 1
0 1 1 1 0 0 0 0 0 1 0 0 0 1 0 0 1 0
0 1 1 1 0 0 0 1 0 1 0 0 0 1 0 0 1 1
0 1 1 1 0 0 1 0 0 1 0 0 0 1 0 1 0 0
0 1 1 1 0 0 1 1 0 1 0 0 0 1 0 1 0 1
0 1 1 1 0 1 0 0 0 1 0 0 0 1 0 1 1 0
0 1 1 1 0 1 0 1 0 1 0 0 0 1 0 1 1 1
0 1 1 1 0 1 1 0 0 1 0 0 0 1 1 0 0 0
0 1 1 1 0 1 1 1 0 1 0 0 0 1 1 0 0 1
0 1 1 1 1 0 0 0 0 1 0 0 1 0 0 0 0 0
0 1 1 1 1 0 0 1 0 1 0 0 1 0 0 0 0 1
0 1 1 1 1 0 1 0 0 1 0 0 1 0 0 0 1 0
0 1 1 1 1 0 1 1 0 1 0 0 1 0 0 0 1 1
0 1 1 1 1 1 0 0 0 1 0 0 1 0 0 1 0 0
0 1 1 1 1 1 0 1 0 1 0 0 1 0 0 1 0 1
0 1 1 1 1 1 1 0 0 1 0 0 1 0 0 1 1 0
0 1 1 1 1 1 1 1 0 1 0 0 1 0 0 1 1 1
1 0 0 0 0 0 0 0 0 1 0 0 1 0 1 0 0 0
1 0 0 0 0 0 0 1 0 1 0 0 1 0 1 0 0 1
1 0 0 0 0 0 1 0 0 1 0 0 1 1 0 0 0 0
1 0 0 0 0 0 1 1 0 1 0 0 1 1 0 0 0 1
1 0 0 0 0 1 0 0 0 1 0 0 1 1 0 0 1 0
1 0 0 0 0 1 0 1 0 1 0 0 1 1 0 0 1 1
1 0 0 0 0 1 1 0 0 1 0 0 1 1 0 1 0 0
1 0 0 0 0 1 1 1 0 1 0 0 1 1 0 1 0 1
1 0 0 0 1 0 0 0 0 1 0 0 1 1 0 1 1 0
1 0 0 0 1 0 0 1 0 1 0 0 1 1 0 1 1 1
1 0 0 0 1 0 1 0 0 1 0 0 1 1 1 0 0 0
1 0 0 0 1 0 1 1 0 1 0 0 1 1 1 0 0 1
1 0 0 0 1 1 0 0 0 1 0 1 0 0 0 0 0 0
1 0 0 0 1 1 0 1 0 1 0 1 0 0 0 0 0 1
1 0 0 0 1 1 1 0 0 1 0 1 0 0 0 0 1 0
1 0 0 0 1 1 1 1 0 1 0 1 0 0 0 0 1 1
1 0 0 1 0 0 0 0 0 1 0 1 0 0 0 1 0 0
1 0 0 1 0 0 0 1 0 1 0 1 0 0 0 1 0 1
1 0 0 1 0 0 1 0 0 1 0 1 0 0 0 1 1 0
1 0 0 1 0 0 1 1 0 1 0 1 0 0 0 1 1 1
1 0 0 1 0 1 0 0 0 1 0 1 0 0 1 0 0 0
1 0 0 1 0 1 0 1 0 1 0 1 0 0 1 0 0 1
1 0 0 1 0 1 1 0 0 1 0 1 0 1 0 0 0 0
1 0 0 1 0 1 1 1 0 1 0 1 0 1 0 0 0 1
1 0 0 1 1 0 0 0 0 1 0 1 0 1 0 0 1 0
1 0 0 1 1 0 0 1 0 1 0 1 0 1 0 0 1 1
1 0 0 1 1 0 1 0 0 1 0 1 0 1 0 1 0 0
1 0 0 1 1 0 1 1 0 1 0 1 0 1 0 1 0 1
1 0 0 1 1 1 0 0 0 1 0 1 0 1 0 1 1 0
1 0 0 1 1 1 0 1 0 1 0 1 0 1 0 1 1 1
1 0 0 1 1 1 1 0 0 1 0 1 0 1 1 0 0 0
1 0 0 1 1 1 1 1 0 1 0 1 0 1 1 0 0 1
1 0 1 0 0 0 0 0 0 1 0 1 1 0 0 0 0 0
1 0 1 0 0 0 0 1 0 1 0 1 1 0 0 0 0 1
1 0 1 0 0 0 1 0 0 1 0 1 1 0 0 0 1 0
1 0 1 0 0 0 1 1 0 1 0 1 1 0 0 0 1 1
1 0 1 0 0 1 0 0 0 1 0 1 1 0 0 1 0 0
1 0 1 0 0 1 0 1 0 1 0 1 1 0 0 1 0 1
1 0 1 0 0 1 1 0 0 1 0 1 1 0 0 1 1 0
1 0 1 0 0 1 1 1 0 1 0 1 1 0 0 1 1 1
1 0 1 0 1 0 0 0 0 1 0 1 1 0 1 0 0 0
1 0 1 0 1 0 0 1 0 1 0 1 1 0 1 0 0 1
1 0 1 0 1 0 1 0 0 1 0 1 1 1 0 0 0 0
1 0 1 0 1 0 1 1 0 1 0 1 1 1 0 0 0 1
1 0 1 0 1 1 0 0 0 1 0 1 1 1 0 0 1 0
1 0 1 0 1 1 0 1 0 1 0 1 1 1 0 0 1 1
1 0 1 0 1 1 1 0 0 1 0 1 1 1 0 1 0 0
1 0 1 0 1 1 1 1 0 1 0 1 1 1 0 1 0 1
1 0 1 1 0 0 0 0 0 1 0 1 1 1 0 1 1 0
1 0 1 1 0 0 0 1 0 1 0 1 1 1 0 1 1 1
1 0 1 1 0 0 1 0 0 1 0 1 1 1 1 0 0 0
1 0 1 1 0 0 1 1 0 1 0 1 1 1 1 0 0 1
1 0 1 1 0 1 0 0 0 1 1 0 0 0 0 0 0 0
1 0 1 1 0 1 0 1 0 1 1 0 0 0 0 0 0 1
1 0 1 1 0 1 1 0 0 1 1 0 0 0 0 0 1 0
1 0 1 1 0 1 1 1 0 1 1 0 0 0 0 0 1 1
1 0 1 1 1 0 0 0 0 1 1 0 0 0 0 1 0 0
1 0 1 1 1 0 0 1 0 1 1 0 0 0 0 1 0 1
1 0 1 1 1 0 1 0 0 1 1 0 0 0 0 1 1 0
1 0 1 1 1 0 1 1 0 1 1 0 0 0 0 1 1 1
1 0 1 1 1 1 0 0 0 1 1 0 0 0 1 0 0 0
1 0 1 1 1 1 0 1 0 1 1 0 0 0 1 0 0 1
1 0 1 1 1 1 1 0 0 1 1 0 0 1 0 0 0 0
1 0 1 1 1 1 1 1 0 1 1 0 0 1 0 0 0 1
1 1 0 0 0 0 0 0 0 1 1 0 0 1 0 0 1 0
1 1 0 0 0 0 0 1 0 1 1 0 0 1 0 0 1 1
1 1 0 0 0 0 1 0 0 1 1 0 0 1 0 1 0 0
1 1 0 0 0 0 1 1 0 1 1 0 0 1 0 1 0 1
1 1 0 0 0 1 0 0 0 1 1 0 0 1 0 1 1 0
1 1 0 0 0 1 0 1 0 1 1 0 0 1 0 1 1 1
1 1 0 0 0 1 1 0 0 1 1 0 0 1 1 0 0 0
1 1 0 0 0 1 1 1 0 1 1 0 0 1 1 0 0 1
1 1 0 0 1 0 0 0 1 0 0 0 0 0 0 0 0 0
1 1 0 0 1 0 0 1 1 0 0 0 0 0 0 0 0 1
1 1 0 0 1 0 1 0 1 0 0 0 0 0 0 0 1 0
1 1 0 0 1 0 1 1 1 0 0 0 0 0 0 0 1 1
1 1 0 0 1 1 0 0 1 0 0 0 0 0 0 1 0 0
1 1 0 0 1 1 0 1 1 0 0 0 0 0 0 1 0 1
1 1 0 0 1 1 1 0 1 0 0 0 0 0 0 1 1 0
1 1 0 0 1 1 1 1 1 0 0 0 0 0 0 1 1 1
1 1 0 1 0 0 0 0 1 0 0 0 0 0 1 0 0 0
1 1 0 1 0 0 0 1 1 0 0 0 0 0 1 0 0 1
1 1 0 1 0 0 1 0 1 0 0 0 0 1 0 0 0 0
1 1 0 1 0 0 1 1 1 0 0 0 0 1 0 0 0 1
1 1 0 1 0 1 0 0 1 0 0 0 0 1 0 0 1 0
1 1 0 1 0 1 0 1 1 0 0 0 0 1 0 0 1 1
1 1 0 1 0 1 1 0 1 0 0 0 0 1 0 1 0 0
1 1 0 1 0 1 1 1 1 0 0 0 0 1 0 1 0 1
1 1 0 1 1 0 0 0 1 0 0 0 0 1 0 1 1 0
1 1 0 1 1 0 0 1 1 0 0 0 0 1 0 1 1 1
1 1 0 1 1 0 1 0 1 0 0 0 0 1 1 0 0 0
1 1 0 1 1 0 1 1 1 0 0 0 0 1 1 0 0 1
1 1 0 1 1 1 0 0 1 0 0 0 1 0 0 0 0 0
1 1 0 1 1 1 0 1 1 0 0 0 1 0 0 0 0 1
1 1 0 1 1 1 1 0 1 0 0 0 1 0 0 0 1 0
1 1 0 1 1 1 1 1 1 0 0 0 1 0 0 0 1 1
1 1 1 0 0 0 0 0 1 0 0 0 1 0 0 1 0 0
1 1 1 0 0 0 0 1 1 0 0 0 1 0 0 1 0 1
1 1 1 0 0 0 1 0 1 0 0 0 1 0 0 1 1 0
1 1 1 0 0 0 1 1 1 0 0 0 1 0 0 1 1 1
1 1 1 0 0 1 0 0 1 0 0 0 1 0 1 0 0 0
1 1 1 0 0 1 0 1 1 0 0 0 1 0 1 0 0 1
1 1 1 0 0 1 1 0 1 0 0 0 1 1 0 0 0 0
1 1 1 0 0 1 1 1 1 0 0 0 1 1 0 0 0 1
1 1 1 0 1 0 0 0 1 0 0 0 1 1 0 0 1 0
1 1 1 0 1 0 0 1 1 0 0 0 1 1 0 0 1 1
1 1 1 0 1 0 1 0 1 0 0 0 1 1 0 1 0 0
1 1 1 0 1 0 1 1 1 0 0 0 1 1 0 1 0 1
1 1 1 0 1 1 0 0 1 0 0 0 1 1 0 1 1 0
1 1 1 0 1 1 0 1 1 0 0 0 1 1 0 1 1 1
1 1 1 0 1 1 1 0 1 0 0 0 1 1 1 0 0 0
1 1 1 0 1 1 1 1 1 0 0 0 1 1 1 0 0 1
1 1 1 1 0 0 0 0 1 0 0 1 0 0 0 0 0 0
1 1 1 1 0 0 0 1 1 0 0 1 0 0 0 0 0 1
1 1 1 1 0 0 1 0 1 0 0 1 0 0 0 0 1 0
1 1 1 1 0 0 1 1 1 0 0 1 0 0 0 0 1 1
1 1 1 1 0 1 0 0 1 0 0 1 0 0 0 1 0 0
1 1 1 1 0 1 0 1 1 0 0 1 0 0 0 1 0 1
1 1 1 1 0 1 1 0 1 0 0 1 0 0 0 1 1 0
1 1 1 1 0 1 1 1 1 0 0 1 0 0 0 1 1 1
1 1 1 1 1 0 0 0 1 0 0 1 0 0 1 0 0 0
1 1 1 1 1 0 0 1 1 0 0 1 0 0 1 0 0 1
1 1 1 1 1 0 1 0 1 0 0 1 0 1 0 0 0 0
1 1 1 1 1 0 1 1 1 0 0 1 0 1 0 0 0 1
1 1 1 1 1 1 0 0 1 0 0 1 0 1 0 0 1 0
1 1 1 1 1 1 0 1 1 0 0 1 0 1 0 0 1 1
1 1 1 1 1 1 1 0 1 0 0 1 0 1 0 1 0 0
1 1 1 1 1 1 1 1 1 0 0 1 0 1 0 1 0 1
.e